instrument,TR.PriceCloseDate,TR.PriceClose,TR.PriceOpen,TR.PriceHigh,TR.PriceLow,TR.Volume
US1434364006,2002-02-27T00:00:00,16.75,17.0,17.0,16.75,0
US1434364006,2002-02-28T00:00:00,18.5,16.95,18.75,16.8,0
US1434364006,2002-03-01T00:00:00,17.8,17.0,18.35,17.0,0
US1434364006,2002-03-04T00:00:00,17.05,17.65,17.75,17.0,0
US1434364006,2002-03-05T00:00:00,17.15,17.1,17.2,17.1,0
US1434364006,2002-03-06T00:00:00,17.2,17.25,17.25,17.2,0
US1434364006,2002-03-07T00:00:00,18.25,17.25,18.25,17.2,0
US1434364006,2002-03-08T00:00:00,17.25,17.5,18.25,16.75,0
US1434364006,2002-03-11T00:00:00,17.0,17.0,17.25,16.75,0
US1434364006,2002-03-12T00:00:00,16.6,16.75,16.75,16.2,0
US1434364006,2002-03-13T00:00:00,16.35,16.5,16.5,16.0,0
US1434364006,2002-03-14T00:00:00,16.05,16.05,16.4,16.05,0
US1434364006,2002-03-15T00:00:00,15.9,16.05,16.1,15.5,0
US1434364006,2002-03-18T00:00:00,16.0,15.5,16.0,14.25,0
US1434364006,2002-03-19T00:00:00,15.5,15.75,15.85,15.25,0
US1434364006,2002-03-20T00:00:00,16.0,15.4,16.0,15.4,0
US1434364006,2002-03-21T00:00:00,15.85,15.5,16.1,15.5,0
US1434364006,2002-03-22T00:00:00,16.0,16.1,16.1,15.5,0
US1434364006,2002-03-25T00:00:00,17.19,16.1,17.5,16.1,0
US1434364006,2002-03-26T00:00:00,18.1,17.4,18.4,17.4,0
US1434364006,2002-03-27T00:00:00,19.04,18.1,19.04,18.1,0
US1434364006,2002-03-28T00:00:00,21.25,19.25,22.0,19.0,0
US1434364006,2002-04-01T00:00:00,19.99,20.25,20.85,19.05,0
US1434364006,2002-04-02T00:00:00,19.65,20.0,20.1,19.25,0
US1434364006,2002-04-03T00:00:00,19.8,19.9,19.9,19.65,0
US1434364006,2002-04-04T00:00:00,19.5,19.6,19.8,19.0,0
US1434364006,2002-04-05T00:00:00,19.9,19.0,20.0,19.0,0
US1434364006,2002-04-08T00:00:00,19.9,19.75,20.0,19.75,0
US1434364006,2002-04-09T00:00:00,21.4,19.75,21.5,19.75,0
US1434364006,2002-04-10T00:00:00,22.5,21.6,23.0,21.6,0
US1434364006,2002-04-11T00:00:00,22.13,22.4,22.7,21.875,0
US1434364006,2002-04-12T00:00:00,21.8,21.5,21.8,21.25,0
US1434364006,2002-04-15T00:00:00,20.75,21.8,21.8,20.25,0
US1434364006,2002-04-16T00:00:00,20.75,20.5,20.95,20.5,0
US1434364006,2002-04-17T00:00:00,20.7,20.75,20.75,20.0,0
US1434364006,2002-04-19T00:00:00,20.7,20.0,20.7,20.0,0
US1434364006,2002-04-22T00:00:00,20.5,20.7,20.7,20.0,0
US1434364006,2002-04-23T00:00:00,20.2,20.2,20.3,20.2,0
US1434364006,2002-04-24T00:00:00,20.25,20.0,20.25,20.0,0
US1434364006,2002-04-25T00:00:00,20.1,20.2,20.2,20.0,0
US1434364006,2002-04-26T00:00:00,20.7,20.0,20.7,19.75,0
US1434364006,2002-04-29T00:00:00,21.5,20.75,21.5,20.75,0
US1434364006,2002-04-30T00:00:00,22.0,21.1,23.0,21.1,0
US1434364006,2002-05-01T00:00:00,22.0,21.85,22.05,21.8,0
US1434364006,2002-05-02T00:00:00,22.6,22.5,22.85,22.0,0
US1434364006,2002-05-03T00:00:00,22.6,22.25,22.6,22.25,0
US1434364006,2002-05-06T00:00:00,22.9,22.7,23.0,22.7,0
US1434364006,2002-05-07T00:00:00,22.8,22.85,22.85,22.8,0
US1434364006,2002-05-08T00:00:00,23.05,22.9,23.05,22.85,0
US1434364006,2002-05-09T00:00:00,23.0,23.05,23.05,22.85,0
US1434364006,2002-05-10T00:00:00,23.2,23.0,23.35,23.0,0
US1434364006,2002-05-13T00:00:00,23.1,23.05,23.2,23.05,0
US1434364006,2002-05-14T00:00:00,25.25,23.1,26.45,23.1,0
US1434364006,2002-05-15T00:00:00,26.22,25.2,26.5,25.2,0
US1434364006,2002-05-16T00:00:00,26.85,26.22,27.0,26.22,0
US1434364006,2002-05-17T00:00:00,28.05,27.0,29.25,26.9,0
US1434364006,2002-05-20T00:00:00,28.5,28.25,28.6,28.25,0
US1434364006,2002-05-21T00:00:00,29.0,28.5,29.75,28.5,0
US1434364006,2002-05-22T00:00:00,29.15,29.0,29.55,29.0,0
US1434364006,2002-05-23T00:00:00,30.12,29.0,30.12,28.72,0
US1434364006,2002-05-24T00:00:00,30.12,30.0,30.12,29.28,0
US1434364006,2002-05-28T00:00:00,29.44,30.189,30.189,29.35,0
US1434364006,2002-05-29T00:00:00,28.99,29.45,29.5,28.99,0
US1434364006,2002-05-30T00:00:00,28.5,28.98,29.0,28.0,0
US1434364006,2002-05-31T00:00:00,28.52,28.49,28.79,28.39,0
US1434364006,2002-06-03T00:00:00,28.5,28.4,28.75,28.4,0
US1434364006,2002-06-04T00:00:00,28.25,28.51,28.51,28.25,0
US1434364006,2002-06-05T00:00:00,27.85,28.08,28.41,27.15,0
US1434364006,2002-06-06T00:00:00,27.25,27.8,27.8,26.3,0
US1434364006,2002-06-07T00:00:00,26.5,26.85,27.26,26.15,0
US1434364006,2002-06-10T00:00:00,25.99,26.08,26.08,24.67,0
US1434364006,2002-06-11T00:00:00,26.14,25.25,26.14,25.11,0
US1434364006,2002-06-12T00:00:00,26.35,26.15,26.69,26.0,0
US1434364006,2002-06-13T00:00:00,27.0,25.901,27.0,25.901,0
US1434364006,2002-06-14T00:00:00,26.13,27.0,27.0,24.8,0
US1434364006,2002-06-17T00:00:00,26.489,26.13,26.489,25.56,0
US1434364006,2002-06-18T00:00:00,25.8,25.15,26.02,25.15,0
US1434364006,2002-06-19T00:00:00,26.149,25.7,26.149,24.62,0
US1434364006,2002-06-20T00:00:00,25.86,26.15,26.21,25.0,0
US1434364006,2002-06-21T00:00:00,25.49,25.57,25.731,25.01,0
US1434364006,2002-06-24T00:00:00,25.0,25.5,25.5,24.31,0
US1434364006,2002-06-25T00:00:00,24.94,24.55,25.1,24.55,0
US1434364006,2002-06-26T00:00:00,25.0,24.5,25.05,24.0,0
US1434364006,2002-06-27T00:00:00,24.65,24.95,24.95,22.85,0
US1434364006,2002-06-28T00:00:00,25.15,24.65,25.36,23.95,0
US1434364006,2002-07-01T00:00:00,24.0,25.02,25.15,23.81,0
US1434364006,2002-07-02T00:00:00,23.61,23.8,24.45,23.61,0
US1434364006,2002-07-03T00:00:00,24.0,23.9,24.4,23.51,0
US1434364006,2002-07-05T00:00:00,23.5,23.51,24.4,23.46,0
US1434364006,2002-07-08T00:00:00,24.199,23.5,24.199,23.5,0
US1434364006,2002-07-09T00:00:00,25.45,24.19,25.99,24.19,0
US1434364006,2002-07-10T00:00:00,25.06,25.625,25.75,24.9,0
US1434364006,2002-07-11T00:00:00,25.241,24.9,25.241,24.49,0
US1434364006,2002-07-12T00:00:00,25.15,25.0,25.15,24.75,0
US1434364006,2002-07-15T00:00:00,24.4,24.51,24.51,23.78,0
US1434364006,2002-07-16T00:00:00,24.14,24.65,25.15,24.1,0
US1434364006,2002-07-17T00:00:00,25.7,24.999,25.7,23.85,0
US1434364006,2002-07-18T00:00:00,25.42,25.54,26.0,24.84,0
US1434364006,2002-07-19T00:00:00,24.38,24.55,25.479,24.3,0
US1434364006,2002-07-22T00:00:00,23.47,24.1,25.7,23.2,0
US1434364006,2002-07-23T00:00:00,22.31,23.23,25.0,22.31,0
US1434364006,2002-07-24T00:00:00,21.05,22.33,22.4,21.0,0
US1434364006,2002-07-25T00:00:00,20.3,21.05,22.05,19.63,0
US1434364006,2002-07-26T00:00:00,20.7,20.85,21.25,20.0,0
US1434364006,2002-07-29T00:00:00,20.71,20.34,22.05,20.34,0
US1434364006,2002-07-30T00:00:00,21.24,21.25,21.25,20.651,0
US1434364006,2002-07-31T00:00:00,21.7,21.55,22.0,21.03,0
US1434364006,2002-08-01T00:00:00,20.86,21.03,21.5,20.81,0
US1434364006,2002-08-02T00:00:00,20.22,20.9,20.99,20.22,0
US1434364006,2002-08-05T00:00:00,19.58,20.22,20.95,19.58,0
US1434364006,2002-08-06T00:00:00,19.55,20.42,20.8,19.31,0
US1434364006,2002-08-07T00:00:00,19.5,19.351,19.55,19.35,0
US1434364006,2002-08-08T00:00:00,20.75,19.45,20.75,19.45,0
US1434364006,2002-08-09T00:00:00,19.65,20.5,20.75,19.5,0
US1434364006,2002-08-12T00:00:00,20.4,19.56,21.5,19.56,0
US1434364006,2002-08-13T00:00:00,20.0,20.5,20.75,20.0,0
US1434364006,2002-08-14T00:00:00,19.9,20.01,20.01,19.84,0
US1434364006,2002-08-15T00:00:00,20.0,20.0,20.0,19.46,0
US1434364006,2002-08-16T00:00:00,19.85,19.51,20.49,19.51,0
US1434364006,2002-08-19T00:00:00,19.4,19.8,20.0,19.12,0
US1434364006,2002-08-20T00:00:00,19.0,19.4,19.4,19.0,0
US1434364006,2002-08-21T00:00:00,19.139,19.63,20.5,18.85,0
US1434364006,2002-08-22T00:00:00,18.76,19.01,19.01,18.71,0
US1434364006,2002-08-23T00:00:00,18.71,19.2,19.2,18.71,0
US1434364006,2002-08-26T00:00:00,18.75,19.15,19.35,18.75,0
US1434364006,2002-08-27T00:00:00,18.73,18.7,19.43,18.65,0
US1434364006,2002-08-28T00:00:00,18.6,18.7,18.7,18.5,0
US1434364006,2002-08-29T00:00:00,18.87,18.85,18.87,18.27,0
US1434364006,2002-08-30T00:00:00,18.02,18.281,19.25,18.02,0
US1434364006,2002-09-03T00:00:00,17.39,18.0,18.1,17.0,0
US1434364006,2002-09-04T00:00:00,17.0,18.749,18.749,16.63,0
US1434364006,2002-09-05T00:00:00,16.5,17.0,17.0,16.5,0
US1434364006,2002-09-06T00:00:00,17.93,16.85,18.04,16.25,0
US1434364006,2002-09-09T00:00:00,16.9,18.11,18.11,16.15,0
US1434364006,2002-09-10T00:00:00,16.7,16.25,17.05,16.25,0
US1434364006,2002-09-11T00:00:00,16.45,16.31,16.45,16.31,0
US1434364006,2002-09-12T00:00:00,16.85,16.5,17.2,16.25,0
US1434364006,2002-09-13T00:00:00,17.0,16.85,17.0,16.45,0
US1434364006,2002-09-16T00:00:00,17.79,16.95,17.79,16.95,0
US1434364006,2002-09-17T00:00:00,17.25,17.3,17.74,17.21,0
US1434364006,2002-09-18T00:00:00,17.31,17.25,17.31,17.25,0
US1434364006,2002-09-19T00:00:00,17.301,17.31,17.31,17.3,0
US1434364006,2002-09-20T00:00:00,17.5,17.3,17.8,17.13,0
US1434364006,2002-09-23T00:00:00,17.4,17.4,17.85,17.4,0
US1434364006,2002-09-24T00:00:00,17.99,17.63,18.0,17.46,0
US1434364006,2002-09-25T00:00:00,17.99,17.97,18.0,17.97,0
US1434364006,2002-09-26T00:00:00,18.5,18.0,18.5,18.0,0
US1434364006,2002-09-27T00:00:00,18.11,18.49,18.6,18.0,0
US1434364006,2002-09-30T00:00:00,18.0,18.74,18.99,18.0,0
US1434364006,2002-10-01T00:00:00,18.0,17.789,18.0,17.789,0
US1434364006,2002-10-02T00:00:00,18.3,17.99,18.5,17.99,0
US1434364006,2002-10-03T00:00:00,18.0,18.0,18.0,17.66,0
US1434364006,2002-10-04T00:00:00,17.8,17.81,17.98,17.8,0
US1434364006,2002-10-07T00:00:00,17.98,17.6,17.98,17.5,0
US1434364006,2002-10-08T00:00:00,17.525,17.58,17.96,17.35,0
US1434364006,2002-10-09T00:00:00,16.6,17.4,17.5,16.25,0
US1434364006,2002-10-10T00:00:00,17.0,16.7,17.0,16.26,0
US1434364006,2002-10-11T00:00:00,17.5,17.01,17.5,16.46,0
US1434364006,2002-10-14T00:00:00,17.0,16.75,17.1,16.75,0
US1434364006,2002-10-15T00:00:00,17.0,17.08,17.1,16.72,0
US1434364006,2002-10-16T00:00:00,16.98,16.51,16.99,16.51,0
US1434364006,2002-10-17T00:00:00,16.99,16.99,17.0,16.26,0
US1434364006,2002-10-18T00:00:00,17.0,16.99,17.0,16.96,0
US1434364006,2002-10-21T00:00:00,17.06,17.1,17.1,16.501,0
US1434364006,2002-10-22T00:00:00,17.1,16.75,17.1,16.51,0
US1434364006,2002-10-23T00:00:00,16.99,17.0,17.0,16.988,0
US1434364006,2002-10-24T00:00:00,16.7,16.711,16.73,16.7,0
US1434364006,2002-10-25T00:00:00,16.7,16.7,16.94,16.5,0
US1434364006,2002-10-28T00:00:00,16.55,17.09,17.64,16.55,0
US1434364006,2002-10-29T00:00:00,16.7,17.43,17.43,16.35,0
US1434364006,2002-10-30T00:00:00,17.5,16.201,17.5,16.201,0
US1434364006,2002-10-31T00:00:00,17.38,17.64,17.64,16.95,0
US1434364006,2002-11-01T00:00:00,17.4,17.33,17.4,17.33,0
US1434364006,2002-11-04T00:00:00,17.05,17.0,17.1,16.77,0
US1434364006,2002-11-05T00:00:00,17.05,17.05,17.05,16.88,0
US1434364006,2002-11-06T00:00:00,17.5,17.469,17.7,16.501,0
US1434364006,2002-11-07T00:00:00,17.0,16.76,17.65,16.76,0
US1434364006,2002-11-08T00:00:00,17.3,16.851,17.3,16.851,0
US1434364006,2002-11-11T00:00:00,16.85,16.85,16.85,16.85,0
US1434364006,2002-11-12T00:00:00,17.13,16.7,17.3,16.45,0
US1434364006,2002-11-13T00:00:00,17.25,17.5,17.5,16.99,0
US1434364006,2002-11-14T00:00:00,17.38,17.349,17.38,16.85,0
US1434364006,2002-11-15T00:00:00,17.73,17.48,17.75,17.45,0
US1434364006,2002-11-18T00:00:00,17.5,17.01,17.6,17.01,0
US1434364006,2002-11-19T00:00:00,17.75,17.63,17.97,17.51,0
US1434364006,2002-11-20T00:00:00,17.74,17.75,17.75,17.26,0
US1434364006,2002-11-21T00:00:00,17.5,17.96,17.97,17.5,0
US1434364006,2002-11-22T00:00:00,17.75,17.27,17.75,17.26,0
US1434364006,2002-11-25T00:00:00,18.2,17.97,18.2,17.5,0
US1434364006,2002-11-26T00:00:00,17.62,17.25,18.5,17.0,0
US1434364006,2002-11-27T00:00:00,18.745,18.5,18.75,18.0,0
US1434364006,2002-11-29T00:00:00,18.94,18.75,18.94,18.75,0
US1434364006,2002-12-02T00:00:00,20.25,18.3,20.25,18.3,0
US1434364006,2002-12-03T00:00:00,20.25,20.0,20.35,20.0,0
US1434364006,2002-12-04T00:00:00,20.5,20.46,20.75,20.46,0
US1434364006,2002-12-05T00:00:00,20.22,20.22,20.22,20.22,0
US1434364006,2002-12-06T00:00:00,21.32,19.73,22.47,19.73,0
US1434364006,2002-12-09T00:00:00,21.25,22.49,22.49,21.08,0
US1434364006,2002-12-10T00:00:00,21.01,21.25,21.25,20.82,0
US1434364006,2002-12-11T00:00:00,20.75,21.0,21.0,20.6,0
US1434364006,2002-12-12T00:00:00,20.251,20.88,20.99,20.251,0
US1434364006,2002-12-13T00:00:00,19.82,20.99,20.99,19.82,0
US1434364006,2002-12-16T00:00:00,20.21,19.82,20.21,19.62,0
US1434364006,2002-12-17T00:00:00,20.669,20.23,20.669,19.8,0
US1434364006,2002-12-18T00:00:00,20.25,20.65,20.74,19.63,0
US1434364006,2002-12-19T00:00:00,20.4,20.4,20.4,20.22,0
US1434364006,2002-12-20T00:00:00,20.489,20.49,20.49,20.18,0
US1434364006,2002-12-23T00:00:00,20.7,20.26,20.7,19.3,0
US1434364006,2002-12-24T00:00:00,20.09,20.63,20.63,20.09,0
US1434364006,2002-12-26T00:00:00,20.1,20.08,20.1,20.07,0
US1434364006,2002-12-27T00:00:00,19.57,19.82,20.2,19.57,0
US1434364006,2002-12-30T00:00:00,19.879,19.95,19.99,19.35,0
US1434364006,2002-12-31T00:00:00,19.65,19.88,19.89,19.32,0
US1434364006,2003-01-02T00:00:00,19.94,19.92,19.94,19.1,0
US1434364006,2003-01-03T00:00:00,19.52,19.75,19.75,19.16,0
US1434364006,2003-01-06T00:00:00,19.15,19.11,19.759,19.11,0
US1434364006,2003-01-07T00:00:00,19.56,19.54,19.75,19.54,0
US1434364006,2003-01-08T00:00:00,19.67,19.561,19.67,19.51,0
US1434364006,2003-01-09T00:00:00,19.3,19.3,19.3,19.3,0
US1434364006,2003-01-10T00:00:00,19.95,19.9,19.95,19.351,0
US1434364006,2003-01-13T00:00:00,19.41,19.76,20.0,18.8,0
US1434364006,2003-01-14T00:00:00,19.899,19.89,19.899,19.21,0
US1434364006,2003-01-15T00:00:00,19.4,19.901,20.0,19.4,0
US1434364006,2003-01-16T00:00:00,19.23,19.31,19.31,19.23,0
US1434364006,2003-01-17T00:00:00,18.58,19.33,19.58,18.58,0
US1434364006,2003-01-21T00:00:00,19.36,19.199,19.36,18.75,0
US1434364006,2003-01-22T00:00:00,19.41,18.82,19.41,18.82,0
US1434364006,2003-01-23T00:00:00,19.9,18.9,19.98,18.9,0
US1434364006,2003-01-24T00:00:00,19.88,19.621,20.0,19.51,0
US1434364006,2003-01-27T00:00:00,19.95,19.56,19.98,19.56,0
US1434364006,2003-01-28T00:00:00,19.82,19.55,19.9,19.55,0
US1434364006,2003-01-29T00:00:00,19.97,19.55,20.0,18.999,0
US1434364006,2003-01-30T00:00:00,19.99,19.21,19.99,19.21,0
US1434364006,2003-01-31T00:00:00,19.879,19.851,20.0,19.6,0
US1434364006,2003-02-03T00:00:00,20.249,19.66,20.25,19.66,0
US1434364006,2003-02-04T00:00:00,20.35,20.46,20.46,19.69,0
US1434364006,2003-02-05T00:00:00,21.75,20.75,21.75,20.75,0
US1434364006,2003-02-06T00:00:00,22.75,21.77,22.88,21.77,0
US1434364006,2003-02-07T00:00:00,22.001,22.66,22.8,22.0,0
US1434364006,2003-02-10T00:00:00,21.61,22.0,22.0,21.33,0
US1434364006,2003-02-11T00:00:00,21.32,21.11,21.73,20.8,0
US1434364006,2003-02-12T00:00:00,20.64,20.75,20.75,20.64,0
US1434364006,2003-02-13T00:00:00,20.801,20.391,20.949,19.875,0
US1434364006,2003-02-14T00:00:00,20.71,20.95,20.95,20.71,0
US1434364006,2003-02-18T00:00:00,21.199,21.199,21.199,21.199,0
US1434364006,2003-02-19T00:00:00,20.76,21.25,21.25,20.76,0
US1434364006,2003-02-20T00:00:00,21.81,21.2,21.81,21.09,0
US1434364006,2003-02-21T00:00:00,21.6,21.59,21.65,21.59,0
US1434364006,2003-02-24T00:00:00,22.4,21.61,22.599,21.52,0
US1434364006,2003-02-25T00:00:00,22.34,22.5,22.69,21.81,0
US1434364006,2003-02-26T00:00:00,23.0,22.19,23.0,22.19,0
US1434364006,2003-02-27T00:00:00,23.02,23.12,23.37,22.89,0
US1434364006,2003-02-28T00:00:00,22.68,23.0,23.0,22.68,0
US1434364006,2003-03-03T00:00:00,22.0,22.38,22.38,22.0,0
US1434364006,2003-03-04T00:00:00,21.88,21.88,21.88,21.88,0
US1434364006,2003-03-05T00:00:00,21.91,21.88,22.11,21.76,0
US1434364006,2003-03-06T00:00:00,21.94,21.91,21.94,21.91,0
US1434364006,2003-03-07T00:00:00,21.74,22.0,22.0,21.73,0
US1434364006,2003-03-10T00:00:00,21.38,21.7,21.7,21.38,0
US1434364006,2003-03-11T00:00:00,21.26,21.48,21.501,21.24,0
US1434364006,2003-03-12T00:00:00,21.26,21.26,21.26,21.26,0
US1434364006,2003-03-13T00:00:00,21.29,21.29,21.29,21.29,0
US1434364006,2003-03-14T00:00:00,21.5,21.5,21.5,21.48,0
US1434364006,2003-03-17T00:00:00,21.5,21.5,21.5,21.26,0
US1434364006,2003-03-18T00:00:00,21.2,21.26,21.4,21.2,0
US1434364006,2003-03-19T00:00:00,20.42,21.2,21.33,19.55,0
US1434364006,2003-03-20T00:00:00,20.47,20.41,20.47,20.17,0
US1434364006,2003-03-21T00:00:00,20.14,20.71,20.91,19.91,0
US1434364006,2003-03-24T00:00:00,19.99,19.99,19.99,19.99,0
US1434364006,2003-03-25T00:00:00,20.76,20.72,20.94,19.99,0
US1434364006,2003-03-26T00:00:00,19.51,20.37,20.5,19.51,0
US1434364006,2003-03-27T00:00:00,20.7,19.75,20.7,19.75,0
US1434364006,2003-03-28T00:00:00,19.53,20.03,20.75,19.53,0
US1434364006,2003-03-31T00:00:00,19.25,19.5,19.53,19.25,0
US1434364006,2003-04-01T00:00:00,19.62,19.1,19.74,19.1,0
US1434364006,2003-04-02T00:00:00,20.0,19.62,20.0,19.041,0
US1434364006,2003-04-03T00:00:00,19.93,19.77,20.14,19.3,0
US1434364006,2003-04-04T00:00:00,19.89,19.55,19.89,19.55,0
US1434364006,2003-04-07T00:00:00,20.75,20.05,20.75,20.05,0
US1434364006,2003-04-08T00:00:00,20.35,20.17,20.48,20.17,0
US1434364006,2003-04-09T00:00:00,20.96,20.51,20.96,20.51,0
US1434364006,2003-04-10T00:00:00,20.94,19.58,20.94,19.58,0
US1434364006,2003-04-11T00:00:00,20.0,20.52,20.52,20.0,0
US1434364006,2003-04-14T00:00:00,20.29,20.1,20.34,20.1,0
US1434364006,2003-04-15T00:00:00,20.02,20.25,20.25,20.01,0
US1434364006,2003-04-16T00:00:00,19.77,20.5,20.5,19.77,0
US1434364006,2003-04-17T00:00:00,19.8,20.5,20.79,19.51,0
US1434364006,2003-04-21T00:00:00,19.74,20.65,20.65,19.74,0
US1434364006,2003-04-22T00:00:00,19.51,19.75,19.99,19.51,0
US1434364006,2003-04-23T00:00:00,19.51,19.51,19.51,19.51,0
US1434364006,2003-04-25T00:00:00,20.06,20.21,20.21,20.06,0
US1434364006,2003-04-28T00:00:00,20.5,19.76,20.5,19.76,0
US1434364006,2003-04-29T00:00:00,20.08,20.1,20.101,20.08,0
US1434364006,2003-04-30T00:00:00,19.71,19.87,20.36,19.71,0
US1434364006,2003-05-01T00:00:00,19.3,19.41,19.41,19.26,0
US1434364006,2003-05-02T00:00:00,20.0,20.42,20.42,19.27,0
US1434364006,2003-05-05T00:00:00,19.53,19.95,19.95,19.25,0
US1434364006,2003-05-06T00:00:00,20.0,20.5,20.5,19.9,0
US1434364006,2003-05-07T00:00:00,19.6,19.895,19.98,19.6,0
US1434364006,2003-05-08T00:00:00,19.3,19.715,19.715,19.25,0
US1434364006,2003-05-09T00:00:00,19.5,19.46,19.5,19.46,0
US1434364006,2003-05-12T00:00:00,19.311,19.3,20.0,19.3,0
US1434364006,2003-05-13T00:00:00,19.4,19.39,19.75,19.3,0
US1434364006,2003-05-14T00:00:00,19.51,19.5,19.73,19.38,0
US1434364006,2003-05-15T00:00:00,20.56,19.615,20.56,19.615,0
US1434364006,2003-05-16T00:00:00,19.86,20.64,20.64,19.82,0
US1434364006,2003-05-19T00:00:00,20.0,19.63,20.75,19.63,0
US1434364006,2003-05-20T00:00:00,20.75,20.25,20.75,20.021,0
US1434364006,2003-05-21T00:00:00,20.0,20.0,20.0,20.0,0
US1434364006,2003-05-22T00:00:00,20.21,20.2,20.37,20.15,0
US1434364006,2003-05-23T00:00:00,19.75,19.75,19.75,19.75,0
US1434364006,2003-05-27T00:00:00,20.75,20.59,20.75,20.59,0
US1434364006,2003-05-28T00:00:00,20.83,20.4,20.88,20.4,0
US1434364006,2003-05-29T00:00:00,21.0,20.88,21.0,20.4,0
US1434364006,2003-05-30T00:00:00,21.46,21.04,21.46,21.04,0
US1434364006,2003-06-02T00:00:00,21.4,21.4,21.4,21.4,0
US1434364006,2003-06-03T00:00:00,21.75,21.64,21.75,21.64,0
US1434364006,2003-06-04T00:00:00,22.9,21.29,22.9,21.29,0
US1434364006,2003-06-05T00:00:00,23.0,22.64,23.0,22.64,0
US1434364006,2003-06-06T00:00:00,23.25,23.21,23.25,21.8,0
US1434364006,2003-06-09T00:00:00,22.14,22.25,22.25,21.55,0
US1434364006,2003-06-10T00:00:00,22.97,22.13,22.97,22.13,0
US1434364006,2003-06-11T00:00:00,23.0,22.489,23.09,21.7,0
US1434364006,2003-06-12T00:00:00,23.0,21.78,23.46,21.78,0
US1434364006,2003-06-13T00:00:00,23.55,23.19,23.55,23.18,0
US1434364006,2003-06-16T00:00:00,23.651,23.47,23.71,22.96,0
US1434364006,2003-06-17T00:00:00,23.27,23.27,23.271,23.27,0
US1434364006,2003-06-18T00:00:00,23.001,23.6,23.6,22.05,0
US1434364006,2003-06-19T00:00:00,22.781,23.01,23.01,22.62,0
US1434364006,2003-06-20T00:00:00,21.5,22.44,22.56,21.12,0
US1434364006,2003-06-23T00:00:00,21.76,21.15,23.08,21.019,0
US1434364006,2003-06-24T00:00:00,22.99,21.8,22.99,21.77,0
US1434364006,2003-06-25T00:00:00,21.87,21.79,21.99,21.76,0
US1434364006,2003-06-26T00:00:00,22.2,21.86,22.2,21.36,0
US1434364006,2003-06-27T00:00:00,22.0,22.5,22.65,21.68,0
US1434364006,2003-06-30T00:00:00,22.72,22.25,23.0,21.68,0
US1434364006,2003-07-01T00:00:00,22.31,22.99,22.99,22.31,0
US1434364006,2003-07-02T00:00:00,22.87,22.301,22.95,22.301,0
US1434364006,2003-07-03T00:00:00,22.6,22.55,22.91,22.55,0
US1434364006,2003-07-07T00:00:00,22.25,22.91,22.95,22.25,0
US1434364006,2003-07-08T00:00:00,22.19,22.5,22.5,22.19,0
US1434364006,2003-07-09T00:00:00,21.95,22.171,22.171,21.95,0
US1434364006,2003-07-10T00:00:00,22.0,22.0,22.25,21.69,0
US1434364006,2003-07-11T00:00:00,22.5,22.0,22.5,22.0,0
US1434364006,2003-07-14T00:00:00,22.0,22.0,22.309,22.0,0
US1434364006,2003-07-15T00:00:00,22.001,22.0,22.001,22.0,0
US1434364006,2003-07-16T00:00:00,22.75,22.0,22.75,22.0,0
US1434364006,2003-07-17T00:00:00,22.5,22.79,22.79,21.75,0
US1434364006,2003-07-18T00:00:00,21.75,21.75,21.75,21.75,0
US1434364006,2003-07-21T00:00:00,20.76,21.75,21.99,20.76,0
US1434364006,2003-07-22T00:00:00,22.75,21.5,22.95,21.449,0
US1434364006,2003-07-23T00:00:00,22.95,22.74,22.95,21.75,0
US1434364006,2003-07-24T00:00:00,22.8,22.75,22.95,22.5,0
US1434364006,2003-07-25T00:00:00,22.75,22.93,22.99,22.75,0
US1434364006,2003-07-28T00:00:00,22.791,22.76,22.95,22.76,0
US1434364006,2003-07-29T00:00:00,22.75,22.78,22.78,22.75,0
US1434364006,2003-07-30T00:00:00,22.75,22.67,22.75,22.28,0
US1434364006,2003-07-31T00:00:00,23.0,22.74,23.0,22.74,0
US1434364006,2003-08-01T00:00:00,22.71,22.741,23.02,22.581,0
US1434364006,2003-08-04T00:00:00,23.1,22.71,23.1,22.5,0
US1434364006,2003-08-05T00:00:00,24.35,23.13,25.06,22.99,0
US1434364006,2003-08-06T00:00:00,23.86,24.0,24.01,23.85,0
US1434364006,2003-08-07T00:00:00,23.65,23.86,23.91,23.61,0
US1434364006,2003-08-08T00:00:00,23.65,23.65,24.0,23.65,0
US1434364006,2003-08-11T00:00:00,23.65,23.651,23.66,23.65,0
US1434364006,2003-08-12T00:00:00,24.54,24.0,24.74,23.94,0
US1434364006,2003-08-13T00:00:00,25.45,25.0,25.78,25.0,0
US1434364006,2003-08-14T00:00:00,25.65,25.75,26.25,25.65,0
US1434364006,2003-08-15T00:00:00,25.501,25.55,26.24,25.05,0
US1434364006,2003-08-18T00:00:00,26.199,26.15,26.2,25.7,0
US1434364006,2003-08-19T00:00:00,25.99,26.11,26.43,25.5,0
US1434364006,2003-08-20T00:00:00,25.25,25.94,25.94,25.25,0
US1434364006,2003-08-21T00:00:00,26.1,25.68,26.1,25.45,0
US1434364006,2003-08-22T00:00:00,25.61,26.14,26.14,25.36,0
US1434364006,2003-08-25T00:00:00,25.67,25.4,25.949,25.35,0
US1434364006,2003-08-26T00:00:00,25.22,25.36,25.68,25.02,0
US1434364006,2003-08-27T00:00:00,25.5,25.5,25.59,25.2,0
US1434364006,2003-08-28T00:00:00,25.31,25.35,26.0,25.31,0
US1434364006,2003-08-29T00:00:00,25.41,25.99,25.99,25.4,0
US1434364006,2003-09-02T00:00:00,26.0,25.44,26.0,25.44,0
US1434364006,2003-09-03T00:00:00,26.0,25.61,26.01,25.61,0
US1434364006,2003-09-04T00:00:00,26.13,25.9,26.13,25.66,0
US1434364006,2003-09-05T00:00:00,26.0,25.77,26.25,25.77,0
US1434364006,2003-09-08T00:00:00,25.97,25.97,25.97,25.97,0
US1434364006,2003-09-09T00:00:00,26.0,25.63,26.0,25.63,0
US1434364006,2003-09-10T00:00:00,25.99,26.0,26.22,25.9,0
US1434364006,2003-09-11T00:00:00,26.0,26.17,26.17,26.0,0
US1434364006,2003-09-12T00:00:00,26.0,25.761,26.0,25.761,0
US1434364006,2003-09-15T00:00:00,25.9,25.88,26.0,25.87,0
US1434364006,2003-09-16T00:00:00,26.33,25.82,26.33,25.82,0
US1434364006,2003-09-17T00:00:00,26.07,26.37,26.37,26.07,0
US1434364006,2003-09-18T00:00:00,26.06,25.93,26.09,25.57,0
US1434364006,2003-09-19T00:00:00,26.83,26.14,26.83,26.1,0
US1434364006,2003-09-22T00:00:00,26.55,26.83,26.89,26.45,0
US1434364006,2003-09-23T00:00:00,27.44,26.7,27.49,26.7,0
US1434364006,2003-09-24T00:00:00,26.96,27.5,27.58,26.92,0
US1434364006,2003-09-25T00:00:00,26.96,27.319,27.319,26.801,0
US1434364006,2003-09-26T00:00:00,26.57,26.87,26.871,26.57,0
US1434364006,2003-09-29T00:00:00,26.98,26.41,26.99,26.29,0
US1434364006,2003-09-30T00:00:00,26.31,26.31,26.31,26.28,0
US1434364006,2003-10-01T00:00:00,26.47,26.47,26.55,26.47,0
US1434364006,2003-10-02T00:00:00,27.34,27.34,27.69,27.23,0
US1434364006,2003-10-03T00:00:00,27.6,27.6,27.65,27.45,0
US1434364006,2003-10-06T00:00:00,27.5,27.65,27.65,27.33,0
US1434364006,2003-10-07T00:00:00,28.85,27.32,28.85,27.32,0
US1434364006,2003-10-08T00:00:00,28.85,28.94,28.95,28.52,0
US1434364006,2003-10-09T00:00:00,28.41,28.9,28.9,28.04,0
US1434364006,2003-10-10T00:00:00,28.52,28.63,29.0,28.25,0
US1434364006,2003-10-13T00:00:00,28.89,28.76,28.99,28.59,0
US1434364006,2003-10-14T00:00:00,28.43,28.97,28.97,28.0,0
US1434364006,2003-10-15T00:00:00,26.79,28.4,28.4,26.79,0
US1434364006,2003-10-16T00:00:00,26.32,26.66,27.219,25.91,0
US1434364006,2003-10-17T00:00:00,26.75,26.25,27.5,25.57,0
US1434364006,2003-10-20T00:00:00,26.58,26.25,28.12,26.15,0
US1434364006,2003-10-21T00:00:00,29.85,26.65,30.0,26.64,0
US1434364006,2003-10-22T00:00:00,31.08,29.42,31.21,28.819,0
US1434364006,2003-10-23T00:00:00,31.0,30.61,31.21,29.13,0
US1434364006,2003-10-24T00:00:00,30.981,31.02,31.81,29.99,0
US1434364006,2003-10-27T00:00:00,30.88,31.1,31.1,30.48,0
US1434364006,2003-10-28T00:00:00,31.63,30.99,31.75,30.75,0
US1434364006,2003-10-29T00:00:00,32.4,31.38,32.9,31.38,0
US1434364006,2003-10-30T00:00:00,31.84,32.59,32.61,31.8,0
US1434364006,2003-10-31T00:00:00,31.99,31.82,32.0,31.66,0
US1434364006,2003-11-03T00:00:00,32.611,32.0,33.0,32.0,0
US1434364006,2003-11-04T00:00:00,33.51,32.6,33.51,32.56,0
US1434364006,2003-11-05T00:00:00,35.92,33.26,36.89,33.25,0
US1434364006,2003-11-06T00:00:00,36.399,36.49,36.49,35.721,0
US1434364006,2003-11-07T00:00:00,36.53,36.54,36.95,36.2,0
US1434364006,2003-11-10T00:00:00,35.27,36.45,36.45,35.26,0
US1434364006,2003-11-11T00:00:00,34.5,35.24,36.11,34.13,0
US1434364006,2003-11-12T00:00:00,35.5,34.25,35.5,33.99,0
US1434364006,2003-11-13T00:00:00,34.89,35.5,35.5,34.7,0
US1434364006,2003-11-14T00:00:00,33.07,34.5,35.0,33.02,0
US1434364006,2003-11-17T00:00:00,32.82,32.99,33.71,31.46,0
US1434364006,2003-11-18T00:00:00,31.0,31.69,31.69,30.05,0
US1434364006,2003-11-19T00:00:00,32.75,30.27,32.75,29.91,0
US1434364006,2003-11-20T00:00:00,32.2,31.78,32.53,31.6,0
US1434364006,2003-11-21T00:00:00,34.06,32.29,34.429,32.29,0
US1434364006,2003-11-24T00:00:00,35.46,34.09,35.46,34.03,0
US1434364006,2003-11-25T00:00:00,33.561,35.312,35.43,33.51,0
US1434364006,2003-11-26T00:00:00,35.7,33.66,36.11,33.56,0
US1434364006,2003-11-28T00:00:00,36.45,36.21,36.45,36.21,0
US1434364006,2003-12-01T00:00:00,35.68,36.5,36.75,35.66,0
US1434364006,2003-12-02T00:00:00,35.5,35.54,35.54,34.971,0
US1434364006,2003-12-03T00:00:00,34.63,36.0,36.05,34.63,0
US1434364006,2003-12-04T00:00:00,35.19,34.45,35.19,33.54,0
US1434364006,2003-12-05T00:00:00,34.96,35.0,35.0,34.51,0
US1434364006,2003-12-08T00:00:00,36.25,35.4,36.25,33.62,0
US1434364006,2003-12-09T00:00:00,34.62,36.36,37.12,33.85,0
US1434364006,2003-12-10T00:00:00,34.34,34.6,36.18,34.0,0
US1434364006,2003-12-11T00:00:00,32.56,35.398,35.4,32.09,0
US1434364006,2003-12-12T00:00:00,33.5,32.56,33.82,32.56,0
US1434364006,2003-12-15T00:00:00,33.75,34.02,34.02,33.44,0
US1434364006,2003-12-16T00:00:00,33.85,32.751,34.72,32.75,0
US1434364006,2003-12-17T00:00:00,35.55,34.85,35.65,33.38,0
US1434364006,2003-12-18T00:00:00,34.801,35.3,35.86,34.61,0
US1434364006,2003-12-19T00:00:00,34.7,34.73,35.73,34.3,0
US1434364006,2003-12-22T00:00:00,35.1,35.02,35.1,34.37,0
US1434364006,2003-12-23T00:00:00,34.5,34.83,34.83,34.19,0
US1434364006,2003-12-24T00:00:00,35.1,34.25,35.11,34.25,0
US1434364006,2003-12-26T00:00:00,35.1,35.13,35.13,35.1,0
US1434364006,2003-12-29T00:00:00,35.27,34.98,35.52,34.42,0
US1434364006,2003-12-30T00:00:00,35.62,35.5,36.3,35.5,0
US1434364006,2003-12-31T00:00:00,34.85,35.79,36.01,34.85,0
US1434364006,2004-01-02T00:00:00,35.099,35.0,36.0,35.0,0
US1434364006,2004-01-05T00:00:00,34.51,36.0,36.25,34.51,0
US1434364006,2004-01-06T00:00:00,35.381,35.25,35.5,35.21,0
US1434364006,2004-01-07T00:00:00,35.86,35.77,36.49,35.7,0
US1434364006,2004-01-08T00:00:00,35.41,36.5,37.07,35.19,0
US1434364006,2004-01-09T00:00:00,33.1,35.0,35.0,32.89,0
US1434364006,2004-01-12T00:00:00,34.33,33.5,34.85,33.5,0
US1434364006,2004-01-13T00:00:00,33.66,34.72,34.72,33.21,0
US1434364006,2004-01-14T00:00:00,34.4,33.93,34.4,33.28,0
US1434364006,2004-01-15T00:00:00,34.4,34.39,34.4,33.66,0
US1434364006,2004-01-16T00:00:00,34.95,34.5,34.95,34.499,0
US1434364006,2004-01-20T00:00:00,34.8,34.98,34.98,34.75,0
US1434364006,2004-01-21T00:00:00,34.6,34.37,34.9,33.9,0
US1434364006,2004-01-22T00:00:00,34.0,34.8,34.8,34.0,0
US1434364006,2004-01-23T00:00:00,33.18,33.85,33.85,32.1,0
US1434364006,2004-01-26T00:00:00,32.15,33.0,33.223,32.15,0
US1434364006,2004-01-27T00:00:00,31.26,32.25,32.7,31.26,0
US1434364006,2004-01-28T00:00:00,32.28,31.25,32.5,31.25,0
US1434364006,2004-01-29T00:00:00,32.902,32.35,33.38,32.17,0
US1434364006,2004-01-30T00:00:00,33.19,32.65,33.95,31.06,0
US1434364006,2004-02-02T00:00:00,33.3,33.0,33.76,33.0,0
US1434364006,2004-02-03T00:00:00,33.5,33.2,33.73,33.1,0
US1434364006,2004-02-04T00:00:00,33.26,33.5,33.56,33.2,0
US1434364006,2004-02-05T00:00:00,33.2,33.36,33.43,32.999,0
US1434364006,2004-02-06T00:00:00,34.07,33.15,34.07,33.02,0
US1434364006,2004-02-09T00:00:00,34.23,33.6,34.55,33.6,0
US1434364006,2004-02-10T00:00:00,35.0,34.24,35.15,34.06,0
US1434364006,2004-02-11T00:00:00,35.94,35.035,35.94,34.9,0
US1434364006,2004-02-12T00:00:00,35.42,35.48,35.79,35.29,0
US1434364006,2004-02-13T00:00:00,35.19,35.49,35.491,34.92,0
US1434364006,2004-02-17T00:00:00,35.931,35.19,35.95,34.75,0
US1434364006,2004-02-18T00:00:00,37.26,35.51,37.26,35.51,0
US1434364006,2004-02-19T00:00:00,36.85,36.97,37.04,36.63,0
US1434364006,2004-02-20T00:00:00,36.27,36.61,36.89,36.11,0
US1434364006,2004-02-23T00:00:00,35.97,36.18,36.18,35.74,0
US1434364006,2004-02-24T00:00:00,35.89,35.66,36.9,35.55,0
US1434364006,2004-02-25T00:00:00,35.7,35.65,35.75,35.41,0
US1434364006,2004-02-26T00:00:00,35.93,35.75,35.93,35.06,0
US1434364006,2004-02-27T00:00:00,35.71,35.59,35.72,35.0,0
US1434364006,2004-03-01T00:00:00,37.3,35.33,37.39,35.25,0
US1434364006,2004-03-02T00:00:00,37.1,37.25,37.25,36.69,0
US1434364006,2004-03-03T00:00:00,38.6,37.45,38.65,37.45,0
US1434364006,2004-03-04T00:00:00,38.95,38.24,38.95,37.63,0
US1434364006,2004-03-05T00:00:00,38.3,38.6,38.75,38.248,0
US1434364006,2004-03-08T00:00:00,38.25,38.51,38.75,38.0,0
US1434364006,2004-03-09T00:00:00,38.25,38.2,38.47,37.99,0
US1434364006,2004-03-10T00:00:00,38.45,38.51,38.95,38.351,0
US1434364006,2004-03-11T00:00:00,37.15,38.4,38.4,36.7,0
US1434364006,2004-03-12T00:00:00,37.28,37.01,37.6,37.0,0
US1434364006,2004-03-15T00:00:00,36.45,37.4,37.5,36.45,0
US1434364006,2004-03-16T00:00:00,36.1,36.925,37.0,35.58,0
US1434364006,2004-03-17T00:00:00,36.98,36.6,36.98,36.5,0
US1434364006,2004-03-18T00:00:00,36.44,36.69,36.69,36.3,0
US1434364006,2004-03-19T00:00:00,36.05,36.39,37.1,35.99,0
US1434364006,2004-03-22T00:00:00,35.5,36.0,36.12,34.98,0
US1434364006,2004-03-23T00:00:00,35.75,35.8,36.45,35.72,0
US1434364006,2004-03-24T00:00:00,36.03,36.15,36.67,35.99,0
US1434364006,2004-03-25T00:00:00,35.99,36.5,36.5,35.97,0
US1434364006,2004-03-26T00:00:00,37.0,36.05,37.04,35.69,0
US1434364006,2004-03-29T00:00:00,36.87,37.0,37.49,36.35,0
US1434364006,2004-03-30T00:00:00,37.21,37.09,37.21,36.89,0
US1434364006,2004-03-31T00:00:00,37.271,37.03,37.5,36.62,0
US1434364006,2004-04-01T00:00:00,37.44,37.15,37.95,37.09,0
US1434364006,2004-04-02T00:00:00,37.56,38.1,38.2,37.48,0
US1434364006,2004-04-05T00:00:00,37.81,37.85,38.1,37.75,0
US1434364006,2004-04-06T00:00:00,37.85,37.87,38.0,37.68,0
US1434364006,2004-04-07T00:00:00,37.55,37.87,37.87,37.39,0
US1434364006,2004-04-08T00:00:00,37.841,38.0,38.0,37.5,0
US1434364006,2004-04-12T00:00:00,38.97,38.0,38.97,37.93,0
US1434364006,2004-04-13T00:00:00,37.41,38.85,38.85,37.1,0
US1434364006,2004-04-14T00:00:00,37.5,37.199,38.15,37.199,0
US1434364006,2004-04-15T00:00:00,38.28,37.49,38.28,37.01,0
US1434364006,2004-04-16T00:00:00,37.49,38.18,38.18,37.49,0
US1434364006,2004-04-19T00:00:00,38.0,37.92,38.1,37.72,0
US1434364006,2004-04-20T00:00:00,37.74,37.91,37.91,37.4,0
US1434364006,2004-04-21T00:00:00,38.03,37.41,38.04,36.75,0
US1434364006,2004-04-22T00:00:00,38.91,38.0,38.93,38.0,0
US1434364006,2004-04-23T00:00:00,37.67,38.95,38.98,36.92,0
US1434364006,2004-04-26T00:00:00,38.7,38.31,38.8,38.31,0
US1434364006,2004-04-27T00:00:00,38.74,38.7,38.881,38.67,0
US1434364006,2004-04-28T00:00:00,38.6,38.71,38.95,38.6,0
US1434364006,2004-04-29T00:00:00,37.07,38.62,38.9,36.76,0
US1434364006,2004-04-30T00:00:00,37.74,37.07,37.74,37.0,0
US1434364006,2004-05-03T00:00:00,37.6,37.64,37.81,37.48,0
US1434364006,2004-05-04T00:00:00,38.0,37.5,38.2,37.5,0
US1434364006,2004-05-05T00:00:00,38.02,38.0,38.02,37.6,0
US1434364006,2004-05-06T00:00:00,37.27,37.7,37.7,37.15,0
US1434364006,2004-05-07T00:00:00,36.17,37.5,37.5,36.15,0
US1434364006,2004-05-10T00:00:00,34.16,36.46,36.46,33.95,0
US1434364006,2004-05-11T00:00:00,33.8,34.09,34.66,32.63,0
US1434364006,2004-05-12T00:00:00,36.63,34.0,36.63,32.41,0
US1434364006,2004-05-13T00:00:00,37.02,36.67,38.36,36.04,0
US1434364006,2004-05-14T00:00:00,37.0,36.985,37.4,36.14,0
US1434364006,2004-05-17T00:00:00,36.85,37.41,37.67,35.95,0
US1434364006,2004-05-18T00:00:00,36.83,36.82,37.1,36.81,0
US1434364006,2004-05-19T00:00:00,36.5,36.511,36.71,36.5,0
US1434364006,2004-05-20T00:00:00,36.87,36.3,37.0,36.3,0
US1434364006,2004-05-21T00:00:00,36.9,37.19,37.25,36.78,0
US1434364006,2004-05-24T00:00:00,37.0,37.0,37.04,36.871,0
US1434364006,2004-05-25T00:00:00,37.04,36.67,37.48,36.49,0
US1434364006,2004-05-26T00:00:00,36.83,37.35,37.35,36.66,0
US1434364006,2004-05-27T00:00:00,36.6,36.99,36.99,36.6,0
US1434364006,2004-05-28T00:00:00,36.6,37.25,37.25,36.6,0
US1434364006,2004-06-01T00:00:00,37.42,36.87,37.7,36.771,0
US1434364006,2004-06-02T00:00:00,37.17,37.2,37.48,37.15,0
US1434364006,2004-06-03T00:00:00,37.71,37.25,38.24,37.19,0
US1434364006,2004-06-04T00:00:00,38.21,38.0,39.0,38.0,0
US1434364006,2004-06-07T00:00:00,39.52,38.45,39.52,38.1,0
US1434364006,2004-06-08T00:00:00,38.78,39.48,39.61,38.18,0
US1434364006,2004-06-09T00:00:00,38.96,39.0,39.05,38.57,0
US1434364006,2004-06-10T00:00:00,38.89,39.25,39.43,38.65,0
US1434364006,2004-06-14T00:00:00,39.19,38.91,39.75,38.59,0
US1434364006,2004-06-15T00:00:00,39.14,39.45,39.45,38.86,0
US1434364006,2004-06-16T00:00:00,38.5,39.045,39.12,38.48,0
US1434364006,2004-06-17T00:00:00,38.2,38.6,38.84,37.95,0
US1434364006,2004-06-18T00:00:00,38.28,38.0,38.84,38.0,0
US1434364006,2004-06-21T00:00:00,38.66,38.87,38.87,38.1,0
US1434364006,2004-06-22T00:00:00,39.0,38.65,39.56,38.65,0
US1434364006,2004-06-23T00:00:00,40.8,39.27,40.94,38.84,0
US1434364006,2004-06-24T00:00:00,40.25,41.0,41.0,39.82,0
US1434364006,2004-06-25T00:00:00,41.84,40.22,42.35,40.15,0
US1434364006,2004-06-28T00:00:00,39.89,41.52,42.0,38.47,0
US1434364006,2004-06-29T00:00:00,39.03,40.07,40.07,38.91,0
US1434364006,2004-06-30T00:00:00,39.45,39.64,40.25,39.15,0
US1434364006,2004-07-01T00:00:00,38.78,39.65,39.75,38.41,0
US1434364006,2004-07-02T00:00:00,38.87,38.78,38.87,37.89,0
US1434364006,2004-07-06T00:00:00,38.76,38.35,38.78,38.35,0
US1434364006,2004-07-07T00:00:00,38.85,38.66,39.14,38.66,0
US1434364006,2004-07-08T00:00:00,38.3,38.77,38.77,38.0,0
US1434364006,2004-07-09T00:00:00,37.63,38.25,38.3,37.57,0
US1434364006,2004-07-12T00:00:00,37.84,38.06,38.22,37.1,0
US1434364006,2004-07-13T00:00:00,37.55,37.9,37.9,37.55,0
US1434364006,2004-07-14T00:00:00,37.98,38.01,38.2,37.76,0
US1434364006,2004-07-15T00:00:00,37.86,37.93,38.07,37.71,0
US1434364006,2004-07-16T00:00:00,36.23,37.7,37.7,36.23,0
US1434364006,2004-07-19T00:00:00,36.2,36.37,36.4,36.0,0
US1434364006,2004-07-20T00:00:00,36.89,36.06,37.3,36.06,0
US1434364006,2004-07-21T00:00:00,36.6,36.9,38.32,35.54,0
US1434364006,2004-07-22T00:00:00,38.0,36.9,38.45,36.85,0
US1434364006,2004-07-23T00:00:00,37.62,38.07,38.32,37.5,0
US1434364006,2004-07-26T00:00:00,36.1,37.99,37.99,35.6,0
US1434364006,2004-07-27T00:00:00,36.21,36.06,36.609,36.06,0
US1434364006,2004-07-28T00:00:00,35.21,36.04,36.16,35.21,0
US1434364006,2004-07-29T00:00:00,34.54,35.33,35.4,34.49,0
US1434364006,2004-07-30T00:00:00,34.2,34.41,34.96,34.2,0
US1434364006,2004-08-02T00:00:00,33.74,34.25,35.17,33.73,0
US1434364006,2004-08-03T00:00:00,33.13,33.67,34.43,33.13,0
US1434364006,2004-08-04T00:00:00,32.93,33.0,33.1,32.25,0
US1434364006,2004-08-05T00:00:00,33.0,32.62,33.2,32.62,0
US1434364006,2004-08-06T00:00:00,33.14,32.51,33.4,32.211,0
US1434364006,2004-08-09T00:00:00,33.11,33.13,33.3,33.0,0
US1434364006,2004-08-10T00:00:00,33.3,33.03,33.33,33.03,0
US1434364006,2004-08-11T00:00:00,33.11,33.01,33.6,33.0,0
US1434364006,2004-08-12T00:00:00,33.1,33.0,33.2,32.3,0
US1434364006,2004-08-13T00:00:00,33.7,33.17,33.7,33.04,0
US1434364006,2004-08-16T00:00:00,33.31,33.295,33.44,32.56,0
US1434364006,2004-08-17T00:00:00,33.78,32.6,33.82,32.6,0
US1434364006,2004-08-18T00:00:00,34.38,33.5,34.78,33.5,0
US1434364006,2004-08-19T00:00:00,33.13,34.21,34.21,33.02,0
US1434364006,2004-08-20T00:00:00,33.28,33.16,33.37,33.01,0
US1434364006,2004-08-23T00:00:00,32.68,33.2,33.35,32.5,0
US1434364006,2004-08-24T00:00:00,33.05,33.16,33.2,32.81,0
US1434364006,2004-08-25T00:00:00,33.65,32.91,33.7,32.83,0
US1434364006,2004-08-26T00:00:00,33.62,33.02,33.69,33.01,0
US1434364006,2004-08-27T00:00:00,33.75,33.3,33.75,33.26,0
US1434364006,2004-08-30T00:00:00,33.51,33.291,33.51,33.01,0
US1434364006,2004-08-31T00:00:00,34.0,33.69,34.0,33.22,0
US1434364006,2004-09-01T00:00:00,33.41,34.2,34.95,33.39,0
US1434364006,2004-09-02T00:00:00,33.91,33.45,33.95,33.2,0
US1434364006,2004-09-03T00:00:00,34.2,33.75,34.2,33.55,0
US1434364006,2004-09-07T00:00:00,33.8,34.85,35.0,33.53,0
US1434364006,2004-09-08T00:00:00,34.58,33.26,34.7,33.26,0
US1434364006,2004-09-09T00:00:00,34.2,34.14,34.39,33.751,0
US1434364006,2004-09-10T00:00:00,34.39,33.94,34.49,33.86,0
US1434364006,2004-09-13T00:00:00,34.72,34.25,34.74,33.74,0
US1434364006,2004-09-14T00:00:00,34.15,34.53,34.59,34.02,0
US1434364006,2004-09-15T00:00:00,33.54,34.3,34.3,33.4,0
US1434364006,2004-09-16T00:00:00,33.53,33.7,33.79,33.4,0
US1434364006,2004-09-17T00:00:00,34.08,34.26,34.26,33.46,0
US1434364006,2004-09-20T00:00:00,33.8,33.47,33.87,33.36,0
US1434364006,2004-09-21T00:00:00,33.52,33.65,33.74,33.46,0
US1434364006,2004-09-22T00:00:00,33.46,33.46,33.47,33.03,0
US1434364006,2004-09-23T00:00:00,32.92,33.01,33.34,32.92,0
US1434364006,2004-09-24T00:00:00,33.529,32.88,33.71,32.88,0
US1434364006,2004-09-27T00:00:00,33.63,33.51,33.88,33.04,0
US1434364006,2004-09-28T00:00:00,34.21,33.59,34.41,33.46,0
US1434364006,2004-09-29T00:00:00,35.15,34.1,35.37,34.1,0
US1434364006,2004-09-30T00:00:00,35.21,35.11,35.21,34.86,0
US1434364006,2004-10-01T00:00:00,35.09,35.25,35.25,34.79,0
US1434364006,2004-10-04T00:00:00,34.82,35.1,35.25,34.67,0
US1434364006,2004-10-05T00:00:00,35.05,34.76,35.72,34.6,0
US1434364006,2004-10-06T00:00:00,35.55,34.97,35.58,34.84,0
US1434364006,2004-10-07T00:00:00,35.02,34.76,35.4,34.76,0
US1434364006,2004-10-08T00:00:00,35.2,34.64,35.26,34.51,0
US1434364006,2004-10-11T00:00:00,35.13,35.379,35.379,35.0,0
US1434364006,2004-10-12T00:00:00,35.88,35.0,36.47,34.85,0
US1434364006,2004-10-13T00:00:00,36.0,35.81,36.0036,35.41,0
US1434364006,2004-10-14T00:00:00,35.5,35.93,36.1,35.5,0
US1434364006,2004-10-15T00:00:00,35.78,35.89,36.01,35.61,0
US1434364006,2004-10-18T00:00:00,35.69,35.5,35.93,35.5,0
US1434364006,2004-10-19T00:00:00,35.78,35.9,35.99,35.47,0
US1434364006,2004-10-20T00:00:00,36.073,35.25,36.073,35.25,0
US1434364006,2004-10-21T00:00:00,35.95,36.49,36.49,35.75,0
US1434364006,2004-10-22T00:00:00,35.85,36.05,36.05,35.8,0
US1434364006,2004-10-25T00:00:00,35.9,35.955,35.955,35.801,0
US1434364006,2004-10-26T00:00:00,35.84,35.74,35.91,35.5,0
US1434364006,2004-10-27T00:00:00,35.65,35.8,35.99,35.31,0
US1434364006,2004-10-28T00:00:00,36.08,35.02,36.08,34.94,0
US1434364006,2004-10-29T00:00:00,35.8,35.81,35.94,35.54,0
US1434364006,2004-11-01T00:00:00,35.27,35.51,35.5,35.02,0
US1434364006,2004-11-02T00:00:00,35.5,35.45,35.9,35.03,0
US1434364006,2004-11-03T00:00:00,35.89,35.71,36.03,35.65,0
US1434364006,2004-11-04T00:00:00,36.18,35.66,36.49,35.66,0
US1434364006,2004-11-05T00:00:00,35.62,36.19,36.38,35.23,0
US1434364006,2004-11-08T00:00:00,35.94,35.78,36.3,35.78,0
US1434364006,2004-11-09T00:00:00,35.65,35.94,36.01,35.65,0
US1434364006,2004-11-10T00:00:00,36.42,35.55,36.48,35.51,0
US1434364006,2004-11-11T00:00:00,36.28,36.84,36.84,36.12,0
US1434364006,2004-11-12T00:00:00,36.97,36.43,36.97,36.24,0
US1434364006,2004-11-15T00:00:00,36.0,36.5,36.5,35.34,0
US1434364006,2004-11-16T00:00:00,35.95,36.0,36.23,35.92,0
US1434364006,2004-11-17T00:00:00,36.1,35.99,36.43,35.86,0
US1434364006,2004-11-18T00:00:00,36.26,35.91,36.41,35.84,0
US1434364006,2004-11-19T00:00:00,35.99,36.095,36.35,35.75,0
US1434364006,2004-11-22T00:00:00,35.55,35.5,35.64,33.71,0
US1434364006,2004-11-23T00:00:00,36.6,37.2,37.5,35.68,0
US1434364006,2004-11-24T00:00:00,36.42,36.6,36.78,36.33,0
US1434364006,2004-11-26T00:00:00,36.7,36.78,36.78,36.55,0
US1434364006,2004-11-29T00:00:00,37.05,36.51,37.18,36.14,0
US1434364006,2004-11-30T00:00:00,37.44,37.115,37.5,36.56,0
US1434364006,2004-12-01T00:00:00,37.65,37.53,38.27,36.5,0
US1434364006,2004-12-02T00:00:00,38.15,37.7,38.33,37.7,0
US1434364006,2004-12-03T00:00:00,38.18,38.35,38.35,38.06,0
US1434364006,2004-12-06T00:00:00,38.27,38.34,38.95,38.0,0
US1434364006,2004-12-07T00:00:00,38.5,38.2,39.05,38.2,0
US1434364006,2004-12-08T00:00:00,38.59,38.4,38.9,38.25,0
US1434364006,2004-12-09T00:00:00,39.01,38.25,39.01,38.25,0
US1434364006,2004-12-10T00:00:00,38.94,39.02,39.1,38.78,0
US1434364006,2004-12-13T00:00:00,38.84,39.1,39.14,38.51,0
US1434364006,2004-12-14T00:00:00,38.86,39.135,39.65,38.86,0
US1434364006,2004-12-15T00:00:00,38.92,38.91,39.38,38.66,0
US1434364006,2004-12-16T00:00:00,38.85,39.43,39.43,38.15,0
US1434364006,2004-12-17T00:00:00,37.89,35.0,38.41,35.0,0
US1434364006,2004-12-20T00:00:00,37.98,38.25,38.28,37.27,0
US1434364006,2004-12-21T00:00:00,37.5,37.3,37.65,37.184,0
US1434364006,2004-12-22T00:00:00,37.26,37.34,37.6,37.0,0
US1434364006,2004-12-23T00:00:00,37.07,37.3,37.5,36.5,0
US1434364006,2004-12-27T00:00:00,36.92,37.21,37.51,36.49,0
US1434364006,2004-12-28T00:00:00,37.11,37.0,37.5,36.92,0
US1434364006,2004-12-29T00:00:00,36.85,37.7,37.7,36.85,0
US1434364006,2004-12-30T00:00:00,36.18,37.17,37.29,36.0,0
US1434364006,2004-12-31T00:00:00,36.5,36.45,36.77,36.0,0
US1434364006,2005-01-03T00:00:00,36.59,36.68,36.84,36.0,0
US1434364006,2005-01-04T00:00:00,36.65,37.0,37.14,36.12,0
US1434364006,2005-01-05T00:00:00,35.9,36.0,36.85,35.9,0
US1434364006,2005-01-06T00:00:00,36.6,35.7,36.64,35.7,0
US1434364006,2005-01-07T00:00:00,36.21,36.95,36.95,36.1,0
US1434364006,2005-01-10T00:00:00,36.04,36.09,36.4,36.0,0
US1434364006,2005-01-11T00:00:00,36.07,36.0,36.15,36.0,0
US1434364006,2005-01-12T00:00:00,36.16,35.89,36.2,35.88,0
US1434364006,2005-01-13T00:00:00,35.37,36.41,36.41,35.118,0
US1434364006,2005-01-14T00:00:00,35.51,35.8,35.8,34.99,0
US1434364006,2005-01-18T00:00:00,35.33,35.14,35.33,35.05,0
US1434364006,2005-01-19T00:00:00,36.19,35.35,36.6,35.34,0
US1434364006,2005-01-20T00:00:00,35.91,36.05,36.33,35.87,0
US1434364006,2005-01-21T00:00:00,35.17,36.09,36.11,35.1,0
US1434364006,2005-01-24T00:00:00,35.21,35.52,35.52,34.75,0
US1434364006,2005-01-25T00:00:00,35.25,35.03,35.6,35.03,0
US1434364006,2005-01-26T00:00:00,35.64,35.32,35.8,35.04,0
US1434364006,2005-01-27T00:00:00,35.93,35.3,36.11,35.3,0
US1434364006,2005-01-28T00:00:00,35.95,35.93,36.18,35.75,0
US1434364006,2005-01-31T00:00:00,35.43,36.24,36.24,34.83,0
US1434364006,2005-02-01T00:00:00,36.0,35.5,36.09,35.33,0
US1434364006,2005-02-02T00:00:00,35.98,35.9,36.0,35.84,0
US1434364006,2005-02-03T00:00:00,36.57,35.57,36.57,35.86,0
US1434364006,2005-02-04T00:00:00,36.5,36.2,36.55,35.97,0
US1434364006,2005-02-07T00:00:00,36.67,36.34,37.0,36.51,0
US1434364006,2005-02-08T00:00:00,36.79,36.49,37.0,36.07,0
US1434364006,2005-02-09T00:00:00,35.78,36.78,36.86,35.78,0
US1434364006,2005-02-10T00:00:00,35.5,35.859,36.25,35.46,0
US1434364006,2005-02-11T00:00:00,35.87,35.4,35.87,35.35,0
US1434364006,2005-02-14T00:00:00,35.46,35.72,36.5,35.27,0
US1434364006,2005-02-15T00:00:00,35.26,35.6,35.6,35.11,0
US1434364006,2005-02-16T00:00:00,35.86,35.33,36.33,35.33,0
US1434364006,2005-02-17T00:00:00,35.65,35.93,36.35,35.47,0
US1434364006,2005-02-18T00:00:00,35.53,35.74,36.02,35.26,0
US1434364006,2005-02-22T00:00:00,34.66,35.29,35.29,34.4,0
US1434364006,2005-02-23T00:00:00,34.0,34.71,34.6,33.78,0
US1434364006,2005-02-24T00:00:00,34.37,33.95,34.43,33.8,0
US1434364006,2005-02-25T00:00:00,35.27,34.22,35.33,34.19,0
US1434364006,2005-02-28T00:00:00,34.89,35.06,35.06,33.6,0
US1434364006,2005-03-01T00:00:00,35.44,34.81,35.87,34.42,0
US1434364006,2005-03-02T00:00:00,35.12,35.28,35.96,34.78,0
US1434364006,2005-03-03T00:00:00,35.69,35.22,35.69,35.15,0
US1434364006,2005-03-04T00:00:00,35.08,35.86,36.35,34.75,0
US1434364006,2005-03-07T00:00:00,35.05,35.24,35.24,34.96,0
US1434364006,2005-03-08T00:00:00,35.01,34.92,35.86,34.95,0
US1434364006,2005-03-09T00:00:00,34.77,34.84,35.06,34.63,0
US1434364006,2005-03-10T00:00:00,34.5,34.89,35.0,34.3,0
US1434364006,2005-03-11T00:00:00,34.28,34.47,34.42,34.15,0
US1434364006,2005-03-14T00:00:00,34.24,34.16,34.36,33.97,0
US1434364006,2005-03-15T00:00:00,34.06,34.08,34.51,34.06,0
US1434364006,2005-03-16T00:00:00,34.56,34.3,35.04,33.91,0
US1434364006,2005-03-17T00:00:00,35.89,34.65,35.89,34.55,0
US1434364006,2005-03-18T00:00:00,35.68,36.0,36.14,35.35,0
US1434364006,2005-03-21T00:00:00,35.65,35.99,35.99,34.9,0
US1434364006,2005-03-22T00:00:00,36.01,35.7,36.5,35.7,0
US1434364006,2005-03-23T00:00:00,35.65,35.85,36.045,35.25,0
US1434364006,2005-03-24T00:00:00,35.47,35.89,35.98,35.47,0
US1434364006,2005-03-28T00:00:00,36.3,35.77,36.46,35.77,0
US1434364006,2005-03-29T00:00:00,36.7,36.42,36.9,36.38,0
US1434364006,2005-03-30T00:00:00,37.11,36.75,37.43,36.7,0
US1434364006,2005-03-31T00:00:00,37.28,37.25,37.36,36.93,0
US1434364006,2005-04-01T00:00:00,37.5,37.07,37.55,36.86,0
US1434364006,2005-04-04T00:00:00,36.55,37.56,37.66,36.52,0
US1434364006,2005-04-05T00:00:00,36.49,36.26,36.85,36.13,0
US1434364006,2005-04-06T00:00:00,36.25,36.67,36.77,36.17,0
US1434364006,2005-04-07T00:00:00,36.04,36.39,36.4,36.04,0
US1434364006,2005-04-08T00:00:00,36.02,36.04,36.04,35.76,0
US1434364006,2005-04-11T00:00:00,35.4,35.75,35.89,35.31,0
US1434364006,2005-04-12T00:00:00,35.51,35.3,35.76,35.16,0
US1434364006,2005-04-13T00:00:00,35.39,35.44,35.57,35.3,0
US1434364006,2005-04-14T00:00:00,34.66,35.36,35.36,34.42,0
US1434364006,2005-04-15T00:00:00,34.501,34.75,35.01,34.42,0
US1434364006,2005-04-18T00:00:00,34.25,34.51,35.09,34.01,0
US1434364006,2005-04-19T00:00:00,34.68,34.14,35.0,34.13,0
US1434364006,2005-04-20T00:00:00,33.98,34.855,34.98,33.76,0
US1434364006,2005-04-21T00:00:00,34.09,33.98,34.21,33.82,0
US1434364006,2005-04-22T00:00:00,34.79,34.15,35.22,34.15,0
US1434364006,2005-04-25T00:00:00,35.0,34.85,35.05,34.73,0
US1434364006,2005-04-26T00:00:00,35.02,35.03,35.19,34.95,0
US1434364006,2005-04-27T00:00:00,35.08,35.11,35.38,34.6,0
US1434364006,2005-04-28T00:00:00,34.74,34.88,35.28,34.74,0
US1434364006,2005-04-29T00:00:00,35.0,34.71,35.0,34.7,0
US1434364006,2005-05-02T00:00:00,35.1,34.93,35.3,34.93,0
US1434364006,2005-05-03T00:00:00,35.04,34.9,35.11,34.87,0
US1434364006,2005-05-04T00:00:00,35.68,34.97,36.12,35.02,0
US1434364006,2005-05-05T00:00:00,35.21,35.41,35.91,35.03,0
US1434364006,2005-05-06T00:00:00,35.18,35.3,35.98,35.18,0
US1434364006,2005-05-09T00:00:00,36.16,35.07,36.2,35.01,0
US1434364006,2005-05-10T00:00:00,35.9,35.85,36.27,35.73,0
US1434364006,2005-05-11T00:00:00,34.84,35.63,35.63,34.34,0
US1434364006,2005-05-12T00:00:00,34.83,35.16,36.0,34.83,0
US1434364006,2005-05-13T00:00:00,34.53,35.06,35.22,34.53,0
US1434364006,2005-05-16T00:00:00,34.07,34.84,35.14,33.5,0
US1434364006,2005-05-17T00:00:00,33.71,33.9,34.2,33.51,0
US1434364006,2005-05-18T00:00:00,33.96,33.85,34.02,33.51,0
US1434364006,2005-05-19T00:00:00,33.62,34.0,34.11,33.35,0
US1434364006,2005-05-20T00:00:00,34.22,33.49,34.73,33.49,0
US1434364006,2005-05-23T00:00:00,33.9,34.31,34.35,33.85,0
US1434364006,2005-05-24T00:00:00,33.47,33.87,34.25,33.47,0
US1434364006,2005-05-25T00:00:00,32.78,33.45,33.64,32.46,0
US1434364006,2005-05-26T00:00:00,33.19,33.12,34.22,32.75,0
US1434364006,2005-05-27T00:00:00,33.25,32.92,33.41,32.92,0
US1434364006,2005-05-31T00:00:00,32.71,33.3,33.48,32.68,0
US1434364006,2005-06-01T00:00:00,33.35,32.63,33.56,32.57,0
US1434364006,2005-06-02T00:00:00,31.88,32.71,32.71,31.29,0
US1434364006,2005-06-03T00:00:00,31.36,31.75,31.75,31.05,0
US1434364006,2005-06-06T00:00:00,32.13,31.54,32.85,31.52,0
US1434364006,2005-06-07T00:00:00,31.68,32.21,32.1,31.28,0
US1434364006,2005-06-08T00:00:00,31.45,31.73,31.95,31.44,0
US1434364006,2005-06-09T00:00:00,31.35,31.38,31.54,31.34,0
US1434364006,2005-06-10T00:00:00,31.5,31.36,31.64,31.22,0
US1434364006,2005-06-13T00:00:00,31.8,31.29,31.85,31.09,0
US1434364006,2005-06-14T00:00:00,31.61,31.5,31.86,31.1,0
US1434364006,2005-06-15T00:00:00,32.05,31.64,32.43,31.4,0
US1434364006,2005-06-16T00:00:00,32.05,31.9,32.15,31.861,0
US1434364006,2005-06-17T00:00:00,31.72,32.11,32.459,31.72,0
US1434364006,2005-06-20T00:00:00,31.27,31.64,31.6,30.96,0
US1434364006,2005-06-21T00:00:00,31.25,31.42,31.92,31.12,0
US1434364006,2005-06-22T00:00:00,30.95,31.19,31.26,30.8,0
US1434364006,2005-06-23T00:00:00,30.76,31.03,31.03,30.63,0
US1434364006,2005-06-24T00:00:00,30.84,30.58,31.0,30.58,0
US1434364006,2005-06-27T00:00:00,30.68,30.87,31.115,30.64,0
US1434364006,2005-06-28T00:00:00,30.93,30.93,30.99,30.77,0
US1434364006,2005-06-29T00:00:00,30.73,30.83,30.85,30.52,0
US1434364006,2005-06-30T00:00:00,30.68,30.8,30.8,30.49,0
US1434364006,2005-07-01T00:00:00,29.93,30.22,30.5701,29.76,0
US1434364006,2005-07-05T00:00:00,30.21,29.93,30.44,29.91,0
US1434364006,2005-07-06T00:00:00,30.32,30.25,30.38,29.99,0
US1434364006,2005-07-07T00:00:00,30.06,30.0,30.06,29.85,0
US1434364006,2005-07-08T00:00:00,30.15,30.0,30.36,30.0,0
US1434364006,2005-07-11T00:00:00,30.32,30.36,30.47,29.88,0
US1434364006,2005-07-12T00:00:00,30.08,30.09,30.1,29.95,0
US1434364006,2005-07-13T00:00:00,30.2,29.95,30.93,29.77,0
US1434364006,2005-07-14T00:00:00,30.15,30.46,30.46,30.01,0
US1434364006,2005-07-15T00:00:00,29.16,29.93,30.094,28.85,0
US1434364006,2005-07-18T00:00:00,29.45,29.16,29.53,29.1,0
US1434364006,2005-07-19T00:00:00,29.74,29.45,29.9,29.45,0
US1434364006,2005-07-20T00:00:00,30.02,29.61,30.02,29.07,0
US1434364006,2005-07-21T00:00:00,30.15,30.03,30.15,29.97,0
US1434364006,2005-07-22T00:00:00,30.26,30.07,30.31,30.07,0
US1434364006,2005-07-25T00:00:00,30.35,30.24,30.39,30.23,0
US1434364006,2005-07-26T00:00:00,30.4,30.27,30.59,30.19,0
US1434364006,2005-07-27T00:00:00,30.37,30.45,30.39,30.19,0
US1434364006,2005-07-28T00:00:00,30.38,30.23,30.51,30.33,0
US1434364006,2005-07-29T00:00:00,30.18,30.5,30.44,29.79,0
US1434364006,2005-08-01T00:00:00,30.31,30.27,30.99,30.25,0
US1434364006,2005-08-02T00:00:00,30.21,30.28,30.23,29.81,0
US1434364006,2005-08-03T00:00:00,30.28,29.95,30.39,29.91,0
US1434364006,2005-08-04T00:00:00,30.06,30.11,30.21,29.81,0
US1434364006,2005-08-05T00:00:00,29.94,30.09,30.29,29.83,0
US1434364006,2005-08-08T00:00:00,30.7,30.17,31.45,29.8,0
US1434364006,2005-08-09T00:00:00,30.95,30.83,31.11,30.53,0
US1434364006,2005-08-10T00:00:00,30.14,30.63,30.63,29.14,0
US1434364006,2005-08-11T00:00:00,29.79,28.78,29.81,28.78,0
US1434364006,2005-08-12T00:00:00,29.11,29.6,29.62,28.8,0
US1434364006,2005-08-15T00:00:00,29.93,29.18,30.11,29.18,0
US1434364006,2005-08-16T00:00:00,29.6,29.8,30.18,29.35,0
US1434364006,2005-08-17T00:00:00,29.69,29.56,29.89,29.2,0
US1434364006,2005-08-18T00:00:00,30.07,29.59,30.5,29.59,0
US1434364006,2005-08-19T00:00:00,30.61,29.9,30.999,29.798,0
US1434364006,2005-08-22T00:00:00,30.57,30.88,30.88,29.84,0
US1434364006,2005-08-23T00:00:00,30.13,30.73,30.13,29.7,0
US1434364006,2005-08-24T00:00:00,30.05,30.0,31.02,29.88,0
US1434364006,2005-08-25T00:00:00,30.3,30.13,30.79,29.81,0
US1434364006,2005-08-26T00:00:00,28.74,30.09,30.09,28.36,0
US1434364006,2005-08-29T00:00:00,28.91,28.56,29.37,28.56,0
US1434364006,2005-08-30T00:00:00,28.7,28.79,29.02,28.3,0
US1434364006,2005-08-31T00:00:00,29.9,28.64,29.92,28.64,0
US1434364006,2005-09-01T00:00:00,29.16,29.79,29.84,28.8808,0
US1434364006,2005-09-02T00:00:00,27.96,29.24,29.26,27.64,0
US1434364006,2005-09-06T00:00:00,27.4,27.66,28.04,27.36,0
US1434364006,2005-09-07T00:00:00,26.28,27.32,27.36,26.08,0
US1434364006,2005-09-08T00:00:00,25.2,26.28,26.28,25.06,0
US1434364006,2005-09-09T00:00:00,24.95,25.37,25.37,24.69,0
US1434364006,2005-09-12T00:00:00,24.85,25.01,25.02,24.55,0
US1434364006,2005-09-13T00:00:00,23.71,24.73,24.73,23.67,0
US1434364006,2005-09-14T00:00:00,22.3,23.71,23.71,22.12,0
US1434364006,2005-09-15T00:00:00,23.81,22.36,24.0,22.3,0
US1434364006,2005-09-16T00:00:00,23.68,23.93,24.14,23.35,0
US1434364006,2005-09-19T00:00:00,23.27,23.6,23.53,22.9,0
US1434364006,2005-09-20T00:00:00,23.06,23.33,23.33,22.94,0
US1434364006,2005-09-21T00:00:00,22.02,22.97,23.0,21.99,0
US1434364006,2005-09-22T00:00:00,21.94,21.8,22.45,21.75,0
US1434364006,2005-09-23T00:00:00,22.2,21.9,22.3,21.6,0
US1434364006,2005-09-26T00:00:00,22.54,22.26,22.57,22.09,0
US1434364006,2005-09-27T00:00:00,21.9,22.7,22.7,21.83,0
US1434364006,2005-09-28T00:00:00,21.65,21.91,21.91,21.51,0
US1434364006,2005-09-29T00:00:00,21.71,21.83,21.83,21.47,0
US1434364006,2005-09-30T00:00:00,22.94,23.04,23.34,22.89,0
US1434364006,2005-10-03T00:00:00,22.94,23.05,23.1,22.87,0
US1434364006,2005-10-04T00:00:00,22.72,23.03,23.05,22.65,0
US1434364006,2005-10-05T00:00:00,22.01,22.85,22.56,22.0,0
US1434364006,2005-10-06T00:00:00,22.56,22.0,22.72,21.98,0
US1434364006,2005-10-07T00:00:00,22.51,22.77,22.91,22.5,0
US1434364006,2005-10-10T00:00:00,22.21,22.45,22.69,22.12,0
US1434364006,2005-10-11T00:00:00,22.1,21.99,22.71,21.99,0
US1434364006,2005-10-12T00:00:00,22.1,22.0,22.28,21.91,0
US1434364006,2005-10-13T00:00:00,22.35,22.0,22.47,22.0,0
US1434364006,2005-10-14T00:00:00,22.25,22.41,22.41,21.97,0
US1434364006,2005-10-17T00:00:00,23.02,22.61,23.502,22.59,0
US1434364006,2005-10-18T00:00:00,23.5,23.14,24.33,23.06,0
US1434364006,2005-10-19T00:00:00,23.44,23.52,23.6,22.95,0
US1434364006,2005-10-20T00:00:00,23.05,23.4,23.7,22.82,0
US1434364006,2005-10-21T00:00:00,22.97,22.88,23.27,22.88,0
US1434364006,2005-10-24T00:00:00,23.5,23.5,23.74,23.43,0
US1434364006,2005-10-25T00:00:00,23.55,23.61,23.61,23.32,0
US1434364006,2005-10-26T00:00:00,23.32,23.6,23.6,23.1601,0
US1434364006,2005-10-27T00:00:00,22.8,23.2,23.43,22.6,0
US1434364006,2005-10-28T00:00:00,22.33,22.95,22.95,22.18,0
US1434364006,2005-10-31T00:00:00,22.08,22.43,22.43,21.99,0
US1434364006,2005-11-01T00:00:00,21.88,22.14,22.14,21.56,0
US1434364006,2005-11-02T00:00:00,22.35,21.77,22.35,21.77,0
US1434364006,2005-11-03T00:00:00,21.8,22.43,22.43,21.11,0
US1434364006,2005-11-04T00:00:00,22.01,22.0,22.01,21.75,0
US1434364006,2005-11-07T00:00:00,21.99,22.0,22.0,21.84,0
US1434364006,2005-11-08T00:00:00,22.01,21.82,22.15,21.81,0
US1434364006,2005-11-09T00:00:00,21.8,22.22,22.347,21.71,0
US1434364006,2005-11-10T00:00:00,22.05,21.59,22.35,21.59,0
US1434364006,2005-11-11T00:00:00,22.97,22.68,23.26,22.15,0
US1434364006,2005-11-14T00:00:00,23.23,22.88,23.49,22.88,0
US1434364006,2005-11-15T00:00:00,23.47,23.21,23.57,23.21,0
US1434364006,2005-11-16T00:00:00,23.655,23.395,23.74,23.08,0
US1434364006,2005-11-17T00:00:00,24.1,23.81,24.29,23.8,0
US1434364006,2005-11-18T00:00:00,25.19,24.36,25.3,24.36,0
US1434364006,2005-11-21T00:00:00,25.22,25.1,25.32,24.39,0
US1434364006,2005-11-22T00:00:00,25.23,25.31,25.4,25.08,0
US1434364006,2005-11-23T00:00:00,25.39,25.14,25.5,24.96,0
US1434364006,2005-11-25T00:00:00,25.16,25.51,25.52,25.16,0
US1434364006,2005-11-28T00:00:00,25.34,25.23,25.5,25.23,0
US1434364006,2005-11-29T00:00:00,25.14,25.39,25.5,24.8301,0
US1434364006,2005-11-30T00:00:00,26.32,25.04,26.32,25.04,0
US1434364006,2005-12-01T00:00:00,26.75,26.63,27.02,26.53,0
US1434364006,2005-12-02T00:00:00,26.86,26.6,26.97,26.53,0
US1434364006,2005-12-05T00:00:00,26.61,26.71,26.71,26.41,0
US1434364006,2005-12-06T00:00:00,27.24,26.8,27.42,26.63,0
US1434364006,2005-12-07T00:00:00,26.72,27.16,27.16,26.61,0
US1434364006,2005-12-08T00:00:00,26.27,26.63,26.82,26.0,0
US1434364006,2005-12-09T00:00:00,26.95,26.31,27.05,26.13,0
US1434364006,2005-12-12T00:00:00,26.91,26.99,27.17,26.59,0
US1434364006,2005-12-13T00:00:00,26.49,26.73,26.96,26.08,0
US1434364006,2005-12-14T00:00:00,26.5,26.51,26.74,26.0,0
US1434364006,2005-12-15T00:00:00,26.15,26.78,26.885,25.9,0
US1434364006,2005-12-16T00:00:00,25.75,26.38,26.42,25.47,0
US1434364006,2005-12-19T00:00:00,25.24,25.86,25.86,25.24,0
US1434364006,2005-12-20T00:00:00,25.74,25.48,25.95,25.28,0
US1434364006,2005-12-21T00:00:00,25.38,25.75,26.12,25.28,0
US1434364006,2005-12-22T00:00:00,25.76,25.45,25.88,25.241,0
US1434364006,2005-12-23T00:00:00,25.68,25.63,25.93,25.63,0
US1434364006,2005-12-27T00:00:00,25.32,25.74,25.86,25.007,0
US1434364006,2005-12-28T00:00:00,25.33,25.54,25.7999,25.22,0
US1434364006,2005-12-29T00:00:00,25.4,25.53,25.53,25.22,0
US1434364006,2005-12-30T00:00:00,25.36,25.21,25.6,25.0,0
US1434364006,2006-01-03T00:00:00,25.15,25.26,25.73,24.91,0
US1434364006,2006-01-04T00:00:00,25.14,25.06,25.33,24.86,0
US1434364006,2006-01-05T00:00:00,24.81,25.01,25.32,24.0501,0
US1434364006,2006-01-06T00:00:00,23.98,24.8,24.8,23.88,0
US1434364006,2006-01-09T00:00:00,23.56,24.12,24.12,23.2,0
US1434364006,2006-01-10T00:00:00,23.45,23.56,23.56,23.3,0
US1434364006,2006-01-11T00:00:00,23.15,23.69,23.69,23.0,0
US1434364006,2006-01-12T00:00:00,23.495,23.03,23.52,22.93,0
US1434364006,2006-01-13T00:00:00,23.43,23.55,23.55,23.3,0
US1434364006,2006-01-17T00:00:00,23.28,23.395,23.49,22.89,0
US1434364006,2006-01-18T00:00:00,23.34,23.2,23.48,23.2,0
US1434364006,2006-01-19T00:00:00,23.39,23.4,23.4,23.2,0
US1434364006,2006-01-20T00:00:00,22.33,22.53,22.73,21.86,0
US1434364006,2006-01-23T00:00:00,22.71,22.38,22.91,22.38,0
US1434364006,2006-01-24T00:00:00,23.3,22.82,23.5,22.65,0
US1434364006,2006-01-25T00:00:00,22.96,23.69,23.83,22.73,0
US1434364006,2006-01-26T00:00:00,22.99,22.93,23.2,22.68,0
US1434364006,2006-01-27T00:00:00,22.84,23.12,23.37,22.63,0
US1434364006,2006-01-30T00:00:00,22.99,22.72,23.14,22.7101,0
US1434364006,2006-01-31T00:00:00,22.91,22.9,23.07,22.3,0
US1434364006,2006-02-01T00:00:00,22.63,22.76,22.88,22.32,0
US1434364006,2006-02-02T00:00:00,22.24,22.52,22.64,22.24,0
US1434364006,2006-02-03T00:00:00,22.65,22.18,22.79,22.18,0
US1434364006,2006-02-06T00:00:00,22.72,22.61,22.93,22.23,0
US1434364006,2006-02-07T00:00:00,23.3,22.66,23.5,22.66,0
US1434364006,2006-02-08T00:00:00,23.45,23.38,23.5,23.28,0
US1434364006,2006-02-09T00:00:00,23.42,23.39,23.54,23.28,0
US1434364006,2006-02-10T00:00:00,22.95,23.35,23.35,22.89,0
US1434364006,2006-02-13T00:00:00,22.92,22.85,23.02,21.69,0
US1434364006,2006-02-14T00:00:00,23.2,23.06,23.38,22.5,0
US1434364006,2006-02-15T00:00:00,23.12,23.44,23.48,22.95,0
US1434364006,2006-02-16T00:00:00,23.25,23.2,23.25,22.86,0
US1434364006,2006-02-17T00:00:00,23.38,23.31,23.62,22.98,0
US1434364006,2006-02-21T00:00:00,23.5,23.37,23.52,22.94,0
US1434364006,2006-02-22T00:00:00,23.86,23.66,24.076,23.46,0
US1434364006,2006-02-23T00:00:00,23.97,23.73,24.17,23.5,0
US1434364006,2006-02-24T00:00:00,24.25,24.03,24.25,24.0,0
US1434364006,2006-02-27T00:00:00,24.06,24.25,24.42,24.02,0
US1434364006,2006-02-28T00:00:00,23.82,24.0,24.08,23.68,0
US1434364006,2006-03-01T00:00:00,23.93,24.01,24.02,23.38,0
US1434364006,2006-03-02T00:00:00,23.71,23.85,24.04,23.38,0
US1434364006,2006-03-03T00:00:00,23.66,23.6,23.81,23.36,0
US1434364006,2006-03-06T00:00:00,24.09,23.61,24.12,23.27,0
US1434364006,2006-03-07T00:00:00,24.24,23.99,24.26,23.75,0
US1434364006,2006-03-08T00:00:00,24.08,24.14,24.45,23.69,0
US1434364006,2006-03-09T00:00:00,24.13,24.27,24.27,23.9501,0
US1434364006,2006-03-10T00:00:00,23.93,23.89,24.65,23.88,0
US1434364006,2006-03-13T00:00:00,23.97,24.025,24.1,23.86,0
US1434364006,2006-03-14T00:00:00,23.88,23.85,24.13,23.77,0
US1434364006,2006-03-15T00:00:00,23.64,23.88,23.88,23.5,0
US1434364006,2006-03-16T00:00:00,23.04,23.7,23.7,22.6826,0
US1434364006,2006-03-17T00:00:00,22.7,23.12,23.12,22.62,0
US1434364006,2006-03-20T00:00:00,22.3,22.65,23.15,22.1,0
US1434364006,2006-03-21T00:00:00,22.24,22.3,22.72,22.0,0
US1434364006,2006-03-22T00:00:00,22.12,22.22,22.48,22.04,0
US1434364006,2006-03-23T00:00:00,21.92,22.14,22.39,21.74,0
US1434364006,2006-03-24T00:00:00,22.47,21.985,22.6,21.9,0
US1434364006,2006-03-27T00:00:00,22.65,22.32,22.71,21.87,0
US1434364006,2006-03-28T00:00:00,22.14,22.67,22.8,21.85,0
US1434364006,2006-03-29T00:00:00,22.95,22.26,23.01,22.17,0
US1434364006,2006-03-30T00:00:00,23.39,22.84,23.64,22.84,0
US1434364006,2006-03-31T00:00:00,24.13,23.48,24.34,23.345,0
US1434364006,2006-04-03T00:00:00,23.91,24.02,24.53,23.76,0
US1434364006,2006-04-04T00:00:00,24.14,23.88,24.3,23.79,0
US1434364006,2006-04-05T00:00:00,24.28,24.23,24.53,24.18,0
US1434364006,2006-04-06T00:00:00,24.52,24.28,24.54,24.17,0
US1434364006,2006-04-07T00:00:00,24.36,24.56,24.66,23.7,0
US1434364006,2006-04-10T00:00:00,24.48,24.3,24.63,24.23,0
US1434364006,2006-04-11T00:00:00,24.35,24.7,24.7,24.03,0
US1434364006,2006-04-12T00:00:00,24.12,24.06,24.32,23.98,0
US1434364006,2006-04-13T00:00:00,23.9,24.1,24.5,23.8,0
US1434364006,2006-04-17T00:00:00,24.02,24.15,24.5,23.88,0
US1434364006,2006-04-18T00:00:00,22.96,22.95,23.24,22.73,0
US1434364006,2006-04-19T00:00:00,23.58,23.0,23.83,22.925,0
US1434364006,2006-04-20T00:00:00,23.36,23.53,23.56,23.13,0
US1434364006,2006-04-21T00:00:00,22.95,23.61,23.72,22.86,0
US1434364006,2006-04-24T00:00:00,23.18,22.99,23.33,22.84,0
US1434364006,2006-04-25T00:00:00,23.47,23.36,23.84,23.18,0
US1434364006,2006-04-26T00:00:00,23.93,23.5,24.03,23.5,0
US1434364006,2006-04-27T00:00:00,24.3,23.8,24.51,23.79,0
US1434364006,2006-04-28T00:00:00,24.71,24.2,25.0,24.2,0
US1434364006,2006-05-01T00:00:00,24.24,24.71,24.96,24.14,0
US1434364006,2006-05-02T00:00:00,23.99,24.44,24.44,23.94,0
US1434364006,2006-05-03T00:00:00,24.25,24.04,24.34,23.96,0
US1434364006,2006-05-04T00:00:00,24.25,24.99,24.99,24.21,0
US1434364006,2006-05-05T00:00:00,24.97,24.43,25.19,24.33,0
US1434364006,2006-05-08T00:00:00,25.34,25.13,25.59,24.86,0
US1434364006,2006-05-09T00:00:00,25.2,25.4,25.55,25.1,0
US1434364006,2006-05-10T00:00:00,24.98,25.3,25.3,24.78,0
US1434364006,2006-05-11T00:00:00,24.45,24.98,24.98,24.32,0
US1434364006,2006-05-12T00:00:00,24.3,24.3,24.49,23.8,0
US1434364006,2006-05-15T00:00:00,23.83,24.16,24.36,23.66,0
US1434364006,2006-05-16T00:00:00,23.32,23.8,23.94,23.2,0
US1434364006,2006-05-17T00:00:00,23.4,23.2,23.63,22.84,0
US1434364006,2006-05-18T00:00:00,22.76,23.59,23.59,22.7,0
US1434364006,2006-05-19T00:00:00,22.09,22.75,22.85,21.71,0
US1434364006,2006-05-22T00:00:00,21.23,22.0,22.09,20.74,0
US1434364006,2006-05-23T00:00:00,20.41,21.25,21.25,20.36,0
US1434364006,2006-05-24T00:00:00,19.93,20.53,20.53,19.57,0
US1434364006,2006-05-25T00:00:00,20.63,20.25,21.15,20.25,0
US1434364006,2006-05-26T00:00:00,20.94,20.63,21.0,20.6,0
US1434364006,2006-05-30T00:00:00,21.0,20.85,21.29,20.79,0
US1434364006,2006-05-31T00:00:00,21.13,20.97,21.35,20.78,0
US1434364006,2006-06-01T00:00:00,21.5,21.25,21.57,20.97,0
US1434364006,2006-06-02T00:00:00,21.61,21.66,21.73,21.43,0
US1434364006,2006-06-05T00:00:00,20.81,21.54,21.54,20.75,0
US1434364006,2006-06-06T00:00:00,20.4,20.78,20.79,20.33,0
US1434364006,2006-06-07T00:00:00,20.96,20.6,21.36,20.27,0
US1434364006,2006-06-08T00:00:00,21.17,20.87,21.23,20.51,0
US1434364006,2006-06-09T00:00:00,20.62,21.28,21.68,20.51,0
US1434364006,2006-06-12T00:00:00,20.21,20.73,20.73,19.9,0
US1434364006,2006-06-13T00:00:00,20.04,20.175,20.8,19.79,0
US1434364006,2006-06-14T00:00:00,20.08,19.93,20.1,19.87,0
US1434364006,2006-06-15T00:00:00,20.0,20.14,20.23,19.73,0
US1434364006,2006-06-16T00:00:00,20.0,20.0,20.05,19.52,0
US1434364006,2006-06-19T00:00:00,20.01,19.97,20.12,19.64,0
US1434364006,2006-06-20T00:00:00,19.68,19.98,20.1,19.5,0
US1434364006,2006-06-21T00:00:00,19.53,19.64,19.79,19.39,0
US1434364006,2006-06-22T00:00:00,19.68,19.46,20.05,19.45,0
US1434364006,2006-06-23T00:00:00,19.71,19.83,19.96,19.67,0
US1434364006,2006-06-26T00:00:00,20.0,19.86,20.37,19.86,0
US1434364006,2006-06-27T00:00:00,19.68,20.02,20.12,19.54,0
US1434364006,2006-06-28T00:00:00,19.55,19.66,19.68,19.31,0
US1434364006,2006-06-29T00:00:00,20.61,19.66,20.88,19.66,0
US1434364006,2006-06-30T00:00:00,21.08,20.7,21.7,20.7,0
US1434364006,2006-07-03T00:00:00,21.42,21.04,21.5,21.04,0
US1434364006,2006-07-05T00:00:00,21.64,21.12,21.77,21.12,0
US1434364006,2006-07-06T00:00:00,21.23,21.53,21.73,21.05,0
US1434364006,2006-07-07T00:00:00,20.95,21.1,21.16,20.75,0
US1434364006,2006-07-10T00:00:00,20.85,21.11,21.25,20.73,0
US1434364006,2006-07-11T00:00:00,21.65,20.78,21.7,20.14,0
US1434364006,2006-07-12T00:00:00,21.35,21.56,21.69,21.18,0
US1434364006,2006-07-13T00:00:00,21.0,21.26,21.54,20.66,0
US1434364006,2006-07-14T00:00:00,21.13,21.01,21.33,20.7,0
US1434364006,2006-07-17T00:00:00,21.26,21.08,21.4,21.05,0
US1434364006,2006-07-18T00:00:00,21.0,21.41,21.71,20.74,0
US1434364006,2006-07-19T00:00:00,21.38,20.93,21.49,20.93,0
US1434364006,2006-07-20T00:00:00,21.24,21.52,21.52,21.11,0
US1434364006,2006-07-21T00:00:00,21.31,21.3,21.45,21.2,0
US1434364006,2006-07-24T00:00:00,20.27,20.55,20.8,19.11,0
US1434364006,2006-07-25T00:00:00,20.36,20.25,20.48,19.934,0
US1434364006,2006-07-26T00:00:00,20.07,20.29,20.44,20.02,0
US1434364006,2006-07-27T00:00:00,20.78,20.17,20.96,19.97,0
US1434364006,2006-07-28T00:00:00,21.04,20.93,21.2,20.66,0
US1434364006,2006-07-31T00:00:00,21.03,20.85,21.23,20.51,0
US1434364006,2006-08-01T00:00:00,20.69,20.82,21.3,20.57,0
US1434364006,2006-08-02T00:00:00,20.57,20.79,20.81,20.55,0
US1434364006,2006-08-03T00:00:00,21.31,20.49,21.35,20.3,0
US1434364006,2006-08-04T00:00:00,21.87,21.54,22.7,21.54,0
US1434364006,2006-08-07T00:00:00,21.62,21.81,21.9,21.47,0
US1434364006,2006-08-08T00:00:00,21.38,21.59,22.01,21.38,0
US1434364006,2006-08-09T00:00:00,21.41,21.48,21.84,21.34,0
US1434364006,2006-08-10T00:00:00,21.25,21.32,21.41,20.88,0
US1434364006,2006-08-11T00:00:00,21.14,21.22,21.45,21.14,0
US1434364006,2006-08-14T00:00:00,21.05,21.33,21.52,21.03,0
US1434364006,2006-08-15T00:00:00,21.63,21.31,21.81,21.05,0
US1434364006,2006-08-16T00:00:00,21.2,21.64,21.98,21.01,0
US1434364006,2006-08-17T00:00:00,21.19,21.07,21.52,20.97,0
US1434364006,2006-08-18T00:00:00,21.2,21.33,21.33,20.55,0
US1434364006,2006-08-21T00:00:00,21.14,20.93,21.15,20.9,0
US1434364006,2006-08-22T00:00:00,21.06,21.08,21.16,20.91,0
US1434364006,2006-08-23T00:00:00,20.01,21.13,21.13,19.92,0
US1434364006,2006-08-24T00:00:00,19.28,20.05,20.21,19.21,0
US1434364006,2006-08-25T00:00:00,18.47,19.2,19.2,17.56,0
US1434364006,2006-08-28T00:00:00,18.51,19.22,19.22,18.12,0
US1434364006,2006-08-29T00:00:00,19.05,19.35,19.89,18.75,0
US1434364006,2006-08-30T00:00:00,19.35,19.01,19.51,19.01,0
US1434364006,2006-08-31T00:00:00,18.69,19.2,19.43,18.68,0
US1434364006,2006-09-01T00:00:00,18.49,18.63,18.97,18.35,0
US1434364006,2006-09-05T00:00:00,18.84,18.58,18.95,18.25,0
US1434364006,2006-09-06T00:00:00,18.35,18.76,18.82,18.29,0
US1434364006,2006-09-07T00:00:00,18.33,18.36,18.69,18.27,0
US1434364006,2006-09-08T00:00:00,18.18,18.31,18.48,18.05,0
US1434364006,2006-09-11T00:00:00,18.31,18.08,18.52,17.93,0
US1434364006,2006-09-12T00:00:00,18.84,18.41,19.01,18.41,0
US1434364006,2006-09-13T00:00:00,18.98,18.93,19.1,18.76,0
US1434364006,2006-09-14T00:00:00,17.88,18.9,18.9,17.72,0
US1434364006,2006-09-15T00:00:00,18.2,18.01,18.28,17.61,0
US1434364006,2006-09-18T00:00:00,17.85,18.12,18.3,17.75,0
US1434364006,2006-09-19T00:00:00,17.57,17.95,17.98,17.4,0
US1434364006,2006-09-20T00:00:00,18.02,17.67,18.02,17.66,0
US1434364006,2006-09-21T00:00:00,18.075,18.15,18.17,17.93,0
US1434364006,2006-09-22T00:00:00,17.72,18.0,18.07,17.59,0
US1434364006,2006-09-25T00:00:00,17.64,17.7,18.1,17.61,0
US1434364006,2006-09-26T00:00:00,17.41,17.76,17.76,17.36,0
US1434364006,2006-09-27T00:00:00,17.24,17.35,17.59,17.08,0
US1434364006,2006-09-28T00:00:00,17.27,17.36,17.69,17.12,0
US1434364006,2006-09-29T00:00:00,17.18,17.22,17.69,17.0,0
US1434364006,2006-10-02T00:00:00,16.85,17.13,17.14,16.75,0
US1434364006,2006-10-03T00:00:00,16.86,16.76,17.08,16.74,0
US1434364006,2006-10-04T00:00:00,17.52,16.74,17.82,16.74,0
US1434364006,2006-10-05T00:00:00,17.59,17.5,17.89,17.31,0
US1434364006,2006-10-06T00:00:00,18.6,17.56,19.08,17.56,0
US1434364006,2006-10-10T00:00:00,19.39,18.98,19.49,18.98,0
US1434364006,2006-10-11T00:00:00,19.91,19.44,20.16,19.44,0
US1434364006,2006-10-12T00:00:00,20.0,19.89,20.04,19.75,0
US1434364006,2006-10-13T00:00:00,20.25,19.99,20.51,19.76,0
US1434364006,2006-10-16T00:00:00,20.69,20.25,20.73,20.14,0
US1434364006,2006-10-17T00:00:00,20.24,20.55,20.61,19.97,0
US1434364006,2006-10-18T00:00:00,20.46,20.4,20.9,20.38,0
US1434364006,2006-10-19T00:00:00,20.79,20.37,20.97,20.28,0
US1434364006,2006-10-20T00:00:00,20.58,20.93,20.93,20.51,0
US1434364006,2006-10-23T00:00:00,20.22,20.48,20.49,20.11,0
US1434364006,2006-10-24T00:00:00,20.0,20.06,20.39,19.98,0
US1434364006,2006-10-25T00:00:00,20.55,20.29,20.57,20.1,0
US1434364006,2006-10-26T00:00:00,20.7,20.67,20.79,20.54,0
US1434364006,2006-10-27T00:00:00,19.99,20.61,20.61,19.96,0
US1434364006,2006-10-30T00:00:00,20.1,19.99,20.43,19.85,0
US1434364006,2006-10-31T00:00:00,19.95,20.17,20.23,19.87,0
US1434364006,2006-11-01T00:00:00,20.03,20.06,20.25,19.88,0
US1434364006,2006-11-02T00:00:00,20.03,19.9,20.25,19.7,0
US1434364006,2006-11-03T00:00:00,19.97,20.14,20.23,19.86,0
US1434364006,2006-11-06T00:00:00,20.06,19.95,20.11,19.83,0
US1434364006,2006-11-07T00:00:00,19.86,19.97,20.08,19.77,0
US1434364006,2006-11-08T00:00:00,19.9,19.79,20.25,19.74,0
US1434364006,2006-11-09T00:00:00,19.78,19.98,19.98,19.51,0
US1434364006,2006-11-13T00:00:00,19.24,20.05,20.05,19.13,0
US1434364006,2006-11-14T00:00:00,19.32,19.24,19.32,19.02,0
US1434364006,2006-11-15T00:00:00,19.34,19.3,19.58,19.2,0
US1434364006,2006-11-16T00:00:00,19.5,19.47,19.77,19.46,0
US1434364006,2006-11-17T00:00:00,19.66,19.53,19.72,19.25,0
US1434364006,2006-11-20T00:00:00,20.29,19.6,20.5,19.25,0
US1434364006,2006-11-21T00:00:00,20.38,20.29,20.65,20.25,0
US1434364006,2006-11-22T00:00:00,20.01,20.44,20.55,19.96,0
US1434364006,2006-11-24T00:00:00,19.92,19.88,19.99,19.81,0
US1434364006,2006-11-27T00:00:00,20.15,19.86,20.3,19.81,0
US1434364006,2006-11-28T00:00:00,20.0,20.19,20.37,20.0,0
US1434364006,2006-11-29T00:00:00,20.01,20.11,20.22,19.99,0
US1434364006,2006-11-30T00:00:00,19.71,20.02,20.02,19.61,0
US1434364006,2006-12-01T00:00:00,19.58,19.67,20.02,19.5,0
US1434364006,2006-12-04T00:00:00,19.54,19.67,19.67,19.48,0
US1434364006,2006-12-05T00:00:00,19.55,19.63,19.63,19.48,0
US1434364006,2006-12-06T00:00:00,19.9,19.46,20.21,19.46,0
US1434364006,2006-12-07T00:00:00,19.5,19.85,20.08,19.5,0
US1434364006,2006-12-08T00:00:00,19.47,19.42,19.66,19.37,0
US1434364006,2006-12-11T00:00:00,19.64,19.43,19.85,19.43,0
US1434364006,2006-12-12T00:00:00,20.1,19.73,20.22,19.5,0
US1434364006,2006-12-13T00:00:00,20.04,20.26,20.35,19.84,0
US1434364006,2006-12-14T00:00:00,19.77,20.04,20.21,19.66,0
US1434364006,2006-12-15T00:00:00,19.55,19.79,20.65,19.51,0
US1434364006,2006-12-18T00:00:00,19.57,19.63,19.84,19.42,0
US1434364006,2006-12-19T00:00:00,19.79,19.5,20.31,19.5,0
US1434364006,2006-12-20T00:00:00,19.71,19.89,20.17,19.54,0
US1434364006,2006-12-21T00:00:00,20.18,19.75,20.21,19.57,0
US1434364006,2006-12-22T00:00:00,20.35,20.16,20.6,19.94,0
US1434364006,2006-12-26T00:00:00,20.5,20.34,20.67,20.24,0
US1434364006,2006-12-27T00:00:00,20.72,20.58,20.75,20.5,0
US1434364006,2006-12-28T00:00:00,20.9,20.67,20.97,20.53,0
US1434364006,2006-12-29T00:00:00,20.39,20.86,20.91,20.23,0
US1434364006,2007-01-03T00:00:00,20.44,20.5,20.79,19.94,0
US1434364006,2007-01-04T00:00:00,21.13,20.38,21.19,20.35,0
US1434364006,2007-01-05T00:00:00,21.1,21.02,21.15,20.77,0
US1434364006,2007-01-08T00:00:00,21.39,21.06,21.42,20.9,0
US1434364006,2007-01-09T00:00:00,21.38,21.44,21.71,21.04,0
US1434364006,2007-01-10T00:00:00,21.22,21.27,21.41,21.08,0
US1434364006,2007-01-11T00:00:00,20.93,21.22,21.36,20.55,0
US1434364006,2007-01-12T00:00:00,21.0,20.88,21.05,20.53,0
US1434364006,2007-01-16T00:00:00,21.03,21.13,21.17,20.86,0
US1434364006,2007-01-17T00:00:00,21.1,20.99,21.5,20.79,0
US1434364006,2007-01-18T00:00:00,21.0,21.05,21.2,20.88,0
US1434364006,2007-01-19T00:00:00,21.25,20.95,21.28,20.95,0
US1434364006,2007-01-22T00:00:00,21.3,21.2,21.37,21.1,0
US1434364006,2007-01-23T00:00:00,21.53,21.23,21.53,21.23,0
US1434364006,2007-01-24T00:00:00,21.95,21.23,22.1,21.59,0
US1434364006,2007-01-25T00:00:00,21.76,21.92,22.02,21.28,0
US1434364006,2007-01-26T00:00:00,22.02,21.78,22.02,21.16,0
US1434364006,2007-01-29T00:00:00,21.89,21.92,22.07,21.64,0
US1434364006,2007-01-30T00:00:00,22.1,21.95,22.27,21.58,0
US1434364006,2007-01-31T00:00:00,22.34,22.05,22.42,22.0,0
US1434364006,2007-02-01T00:00:00,22.7,22.45,22.73,22.18,0
US1434364006,2007-02-02T00:00:00,23.14,22.73,23.22,22.66,0
US1434364006,2007-02-05T00:00:00,23.44,23.16,23.81,22.92,0
US1434364006,2007-02-06T00:00:00,23.54,23.62,23.75,23.28,0
US1434364006,2007-02-07T00:00:00,23.45,23.53,23.66,23.3,0
US1434364006,2007-02-08T00:00:00,23.41,23.25,23.45,23.19,0
US1434364006,2007-02-09T00:00:00,23.32,23.49,23.78,23.16,0
US1434364006,2007-02-12T00:00:00,23.34,23.36,23.68,23.15,0
US1434364006,2007-02-13T00:00:00,23.13,23.43,23.51,22.97,0
US1434364006,2007-02-14T00:00:00,23.03,23.14,23.44,22.98,0
US1434364006,2007-02-15T00:00:00,23.03,23.05,23.2,22.7,0
US1434364006,2007-02-16T00:00:00,23.1,23.1,23.25,23.0,0
US1434364006,2007-02-20T00:00:00,22.76,23.09,23.27,22.52,0
US1434364006,2007-02-21T00:00:00,22.99,22.64,23.02,22.64,0
US1434364006,2007-02-22T00:00:00,23.01,22.92,23.01,22.77,0
US1434364006,2007-02-23T00:00:00,22.88,22.94,23.0,22.72,0
US1434364006,2007-02-26T00:00:00,22.98,23.03,23.03,22.88,0
US1434364006,2007-02-27T00:00:00,22.68,22.79,23.1,22.65,0
US1434364006,2007-02-28T00:00:00,22.68,22.64,22.94,22.31,0
US1434364006,2007-03-01T00:00:00,22.5,22.51,22.79,21.85,0
US1434364006,2007-03-02T00:00:00,21.92,22.34,22.61,21.9,0
US1434364006,2007-03-05T00:00:00,21.86,21.8,22.44,21.46,0
US1434364006,2007-03-06T00:00:00,22.1,22.07,22.58,21.96,0
US1434364006,2007-03-07T00:00:00,22.16,22.04,22.34,21.91,0
US1434364006,2007-03-08T00:00:00,22.3,22.31,22.5,22.12,0
US1434364006,2007-03-09T00:00:00,22.45,22.42,22.5,22.22,0
US1434364006,2007-03-12T00:00:00,22.68,22.46,22.73,22.25,0
US1434364006,2007-03-13T00:00:00,22.28,22.59,22.73,22.23,0
US1434364006,2007-03-14T00:00:00,22.5,22.19,22.53,22.01,0
US1434364006,2007-03-15T00:00:00,22.82,22.54,23.14,22.54,0
US1434364006,2007-03-16T00:00:00,22.67,22.81,23.13,22.48,0
US1434364006,2007-03-19T00:00:00,22.37,22.52,22.75,21.61,0
US1434364006,2007-03-20T00:00:00,22.95,22.32,23.04,22.32,0
US1434364006,2007-03-21T00:00:00,23.02,23.03,23.53,22.82,0
US1434364006,2007-03-22T00:00:00,23.07,23.13,23.23,22.74,0
US1434364006,2007-03-23T00:00:00,22.89,23.12,23.28,22.77,0
US1434364006,2007-03-26T00:00:00,23.11,22.85,23.12,22.69,0
US1434364006,2007-03-27T00:00:00,23.2,23.0,23.28,23.0,0
US1434364006,2007-03-28T00:00:00,23.2,23.09,23.41,22.97,0
US1434364006,2007-03-29T00:00:00,23.2,23.3,23.3,23.06,0
US1434364006,2007-03-30T00:00:00,23.2,23.26,23.69,23.09,0
US1434364006,2007-04-02T00:00:00,23.57,23.2,23.7,23.15,0
US1434364006,2007-04-03T00:00:00,23.92,23.6,23.96,23.35,0
US1434364006,2007-04-04T00:00:00,23.72,23.86,23.83,23.44,0
US1434364006,2007-04-05T00:00:00,23.88,23.73,23.92,23.54,0
US1434364006,2007-04-09T00:00:00,23.85,23.86,23.91,23.43,0
US1434364006,2007-04-10T00:00:00,24.65,23.8,24.65,23.8,0
US1434364006,2007-04-11T00:00:00,24.87,24.72,24.93,24.21,0
US1434364006,2007-04-12T00:00:00,25.51,25.0,25.89,24.89,0
US1434364006,2007-04-13T00:00:00,25.95,25.47,26.16,25.43,0
US1434364006,2007-04-16T00:00:00,25.89,25.93,26.09,25.7,0
US1434364006,2007-04-17T00:00:00,25.71,25.86,26.07,25.71,0
US1434364006,2007-04-18T00:00:00,25.22,25.67,25.98,25.2,0
US1434364006,2007-04-19T00:00:00,25.93,25.19,26.02,25.14,0
US1434364006,2007-04-20T00:00:00,26.1,26.26,26.35,26.04,0
US1434364006,2007-04-23T00:00:00,25.81,26.07,26.08,25.68,0
US1434364006,2007-04-24T00:00:00,25.96,25.95,26.0,25.75,0
US1434364006,2007-04-25T00:00:00,25.73,26.03,26.08,25.69,0
US1434364006,2007-04-26T00:00:00,25.84,25.65,25.96,25.61,0
US1434364006,2007-04-27T00:00:00,25.62,25.78,25.99,25.59,0
US1434364006,2007-04-30T00:00:00,24.98,25.55,25.87,24.86,0
US1434364006,2007-05-01T00:00:00,25.33,24.95,25.4,24.68,0
US1434364006,2007-05-02T00:00:00,25.31,25.39,25.5,24.99,0
US1434364006,2007-05-03T00:00:00,25.27,25.33,25.46,25.16,0
US1434364006,2007-05-04T00:00:00,25.51,25.27,26.16,25.27,0
US1434364006,2007-05-07T00:00:00,25.45,25.85,26.05,25.38,0
US1434364006,2007-05-08T00:00:00,25.84,25.19,26.11,24.86,0
US1434364006,2007-05-09T00:00:00,25.83,25.72,25.93,25.48,0
US1434364006,2007-05-10T00:00:00,25.55,25.7,25.82,25.36,0
US1434364006,2007-05-11T00:00:00,25.65,25.66,25.76,25.5,0
US1434364006,2007-05-14T00:00:00,25.66,25.57,25.86,25.51,0
US1434364006,2007-05-15T00:00:00,25.71,25.69,26.25,25.49,0
US1434364006,2007-05-16T00:00:00,25.75,25.79,25.79,25.5,0
US1434364006,2007-05-17T00:00:00,25.48,25.64,25.64,25.29,0
US1434364006,2007-05-18T00:00:00,25.7,25.6,25.94,25.08,0
US1434364006,2007-05-21T00:00:00,25.75,25.62,25.99,25.62,0
US1434364006,2007-05-22T00:00:00,25.69,25.65,25.81,25.45,0
US1434364006,2007-05-23T00:00:00,25.75,25.75,25.93,25.65,0
US1434364006,2007-05-24T00:00:00,25.56,25.75,25.92,25.45,0
US1434364006,2007-05-25T00:00:00,25.85,25.71,25.99,25.48,0
US1434364006,2007-05-29T00:00:00,25.97,25.95,26.02,25.74,0
US1434364006,2007-05-30T00:00:00,25.95,25.85,26.05,25.64,0
US1434364006,2007-05-31T00:00:00,26.05,25.93,26.2,25.93,0
US1434364006,2007-06-01T00:00:00,26.2,26.22,27.0,25.8,0
US1434364006,2007-06-04T00:00:00,26.05,26.32,26.32,25.81,0
US1434364006,2007-06-05T00:00:00,26.0,25.98,26.24,25.84,0
US1434364006,2007-06-06T00:00:00,26.0,25.85,26.15,25.82,0
US1434364006,2007-06-07T00:00:00,26.32,25.98,26.41,25.88,0
US1434364006,2007-06-08T00:00:00,26.2,26.25,26.25,25.99,0
US1434364006,2007-06-11T00:00:00,26.06,26.06,26.12,25.99,0
US1434364006,2007-06-12T00:00:00,26.02,25.91,26.41,25.87,0
US1434364006,2007-06-13T00:00:00,25.93,26.03,26.07,25.88,0
US1434364006,2007-06-14T00:00:00,24.97,25.93,25.93,24.74,0
US1434364006,2007-06-15T00:00:00,24.75,25.33,25.57,24.61,0
US1434364006,2007-06-18T00:00:00,24.63,24.94,24.94,24.39,0
US1434364006,2007-06-19T00:00:00,24.76,24.49,25.06,24.49,0
US1434364006,2007-06-20T00:00:00,24.43,24.71,24.93,24.3,0
US1434364006,2007-06-21T00:00:00,24.25,24.34,24.35,24.1,0
US1434364006,2007-06-22T00:00:00,23.05,23.08,23.28,22.63,0
US1434364006,2007-06-25T00:00:00,22.8,22.97,23.33,22.43,0
US1434364006,2007-06-26T00:00:00,22.42,22.83,23.0,22.33,0
US1434364006,2007-06-27T00:00:00,22.5,22.29,22.9,22.11,0
US1434364006,2007-06-28T00:00:00,22.11,22.55,22.55,21.83,0
US1434364006,2007-06-29T00:00:00,21.96,22.2,22.2,21.86,0
US1434364006,2007-07-02T00:00:00,22.07,22.09,22.23,21.91,0
US1434364006,2007-07-03T00:00:00,21.78,22.0,22.0,21.57,0
US1434364006,2007-07-05T00:00:00,21.99,21.76,22.32,21.76,0
US1434364006,2007-07-06T00:00:00,21.92,21.93,22.29,21.68,0
US1434364006,2007-07-09T00:00:00,21.95,22.0,22.03,21.75,0
US1434364006,2007-07-10T00:00:00,21.32,21.84,21.91,21.24,0
US1434364006,2007-07-11T00:00:00,21.25,21.22,21.49,21.06,0
US1434364006,2007-07-12T00:00:00,22.18,21.34,22.23,21.3,0
US1434364006,2007-07-13T00:00:00,21.75,21.99,21.99,21.25,0
US1434364006,2007-07-16T00:00:00,22.31,21.73,22.33,21.45,0
US1434364006,2007-07-17T00:00:00,21.9,21.93,22.21,21.6,0
US1434364006,2007-07-18T00:00:00,21.52,21.84,21.84,21.23,0
US1434364006,2007-07-19T00:00:00,21.45,21.62,21.75,21.12,0
US1434364006,2007-07-20T00:00:00,21.07,21.4,21.41,20.9,0
US1434364006,2007-07-23T00:00:00,21.16,21.11,21.5,21.0,0
US1434364006,2007-07-24T00:00:00,20.66,21.02,21.06,20.34,0
US1434364006,2007-07-25T00:00:00,20.61,20.76,20.87,20.36,0
US1434364006,2007-07-26T00:00:00,20.13,20.45,20.5,19.89,0
US1434364006,2007-07-27T00:00:00,19.28,20.06,20.18,19.11,0
US1434364006,2007-07-30T00:00:00,18.93,19.31,19.33,18.81,0
US1434364006,2007-07-31T00:00:00,18.26,19.09,19.39,18.16,0
US1434364006,2007-08-01T00:00:00,17.86,18.21,18.54,17.18,0
US1434364006,2007-08-02T00:00:00,18.16,17.93,18.28,17.84,0
US1434364006,2007-08-03T00:00:00,17.74,18.12,18.66,17.65,0
US1434364006,2007-08-06T00:00:00,17.85,17.87,18.31,17.46,0
US1434364006,2007-08-07T00:00:00,17.58,17.71,17.94,17.44,0
US1434364006,2007-08-08T00:00:00,17.37,17.74,19.34,17.12,0
US1434364006,2007-08-09T00:00:00,17.92,17.21,18.09,17.19,0
US1434364006,2007-08-10T00:00:00,16.84,17.95,18.12,16.29,0
US1434364006,2007-08-13T00:00:00,16.86,17.08,17.94,16.41,0
US1434364006,2007-08-14T00:00:00,16.73,16.86,17.1,16.57,0
US1434364006,2007-08-15T00:00:00,16.79,16.77,17.21,16.52,0
US1434364006,2007-08-16T00:00:00,16.74,16.78,17.39,16.28,0
US1434364006,2007-08-17T00:00:00,16.71,17.36,18.1,16.58,0
US1434364006,2007-08-20T00:00:00,16.89,17.35,17.38,16.57,0
US1434364006,2007-08-21T00:00:00,17.05,16.88,17.24,16.88,0
US1434364006,2007-08-22T00:00:00,16.93,17.18,17.49,16.81,0
US1434364006,2007-08-23T00:00:00,16.52,17.01,17.12,16.5,0
US1434364006,2007-08-24T00:00:00,16.37,16.55,16.87,16.32,0
US1434364006,2007-08-27T00:00:00,16.44,16.34,16.45,16.22,0
US1434364006,2007-08-28T00:00:00,15.76,16.3,16.31,15.51,0
US1434364006,2007-08-29T00:00:00,16.0,15.79,16.02,15.72,0
US1434364006,2007-08-30T00:00:00,15.83,15.9,16.09,15.75,0
US1434364006,2007-08-31T00:00:00,16.04,16.03,16.22,15.63,0
US1434364006,2007-09-04T00:00:00,16.67,16.75,17.4,16.58,0
US1434364006,2007-09-05T00:00:00,17.08,16.62,17.35,16.6,0
US1434364006,2007-09-06T00:00:00,18.02,17.1,18.1,16.95,0
US1434364006,2007-09-07T00:00:00,17.95,17.88,17.99,17.52,0
US1434364006,2007-09-10T00:00:00,18.0,18.02,18.28,17.84,0
US1434364006,2007-09-11T00:00:00,18.28,18.16,18.63,17.95,0
US1434364006,2007-09-12T00:00:00,18.06,18.23,18.81,18.03,0
US1434364006,2007-09-13T00:00:00,18.63,18.11,19.05,18.11,0
US1434364006,2007-09-14T00:00:00,18.49,18.51,18.91,18.18,0
US1434364006,2007-09-17T00:00:00,17.98,18.47,18.47,17.87,0
US1434364006,2007-09-18T00:00:00,18.82,18.04,18.86,17.87,0
US1434364006,2007-09-19T00:00:00,19.6,19.05,19.73,19.05,0
US1434364006,2007-09-20T00:00:00,19.11,19.66,19.99,18.94,0
US1434364006,2007-09-21T00:00:00,19.46,19.26,19.5,18.9,0
US1434364006,2007-09-24T00:00:00,19.09,19.44,19.58,19.03,0
US1434364006,2007-09-25T00:00:00,18.72,19.01,18.85,18.37,0
US1434364006,2007-09-26T00:00:00,18.4,18.88,18.88,18.33,0
US1434364006,2007-09-27T00:00:00,18.38,18.45,18.71,18.14,0
US1434364006,2007-09-28T00:00:00,18.37,18.37,18.53,18.05,0
US1434364006,2007-10-01T00:00:00,18.65,18.4,18.87,18.25,0
US1434364006,2007-10-02T00:00:00,18.23,18.54,18.89,18.23,0
US1434364006,2007-10-03T00:00:00,18.15,18.13,18.26,17.95,0
US1434364006,2007-10-04T00:00:00,18.18,18.21,18.83,18.16,0
US1434364006,2007-10-05T00:00:00,18.9,18.42,19.1,18.04,0
US1434364006,2007-10-09T00:00:00,18.85,18.81,18.88,18.36,0
US1434364006,2007-10-10T00:00:00,18.86,18.8,19.1,18.6,0
US1434364006,2007-10-11T00:00:00,18.7,18.92,19.09,18.27,0
US1434364006,2007-10-12T00:00:00,18.35,18.71,18.8,18.24,0
US1434364006,2007-10-15T00:00:00,17.93,18.3,18.5,17.77,0
US1434364006,2007-10-16T00:00:00,17.69,17.91,17.97,17.5,0
US1434364006,2007-10-17T00:00:00,17.93,17.89,18.11,17.25,0
US1434364006,2007-10-18T00:00:00,17.35,17.86,17.93,17.18,0
US1434364006,2007-10-19T00:00:00,16.32,17.35,17.38,15.88,0
US1434364006,2007-10-22T00:00:00,16.48,16.22,16.63,15.99,0
US1434364006,2007-10-23T00:00:00,15.55,16.65,16.65,15.55,0
US1434364006,2007-10-24T00:00:00,15.85,15.52,15.86,14.89,0
US1434364006,2007-10-25T00:00:00,15.56,15.88,16.3,15.39,0
US1434364006,2007-10-26T00:00:00,16.8,15.78,17.08,15.78,0
US1434364006,2007-10-29T00:00:00,16.24,16.95,17.1,16.11,0
US1434364006,2007-10-30T00:00:00,15.55,16.2,16.37,15.44,0
US1434364006,2007-10-31T00:00:00,15.9,15.58,16.09,15.58,0
US1434364006,2007-11-01T00:00:00,15.15,15.78,15.81,15.0,0
US1434364006,2007-11-02T00:00:00,15.49,15.31,15.61,15.17,0
US1434364006,2007-11-05T00:00:00,15.39,15.31,15.42,15.16,0
US1434364006,2007-11-06T00:00:00,15.34,15.58,15.58,14.85,0
US1434364006,2007-11-07T00:00:00,12.32,14.04,14.08,11.54,0
US1434364006,2007-11-08T00:00:00,12.57,12.26,12.62,11.97,0
US1434364006,2007-11-09T00:00:00,12.32,12.37,12.69,12.25,0
US1434364006,2007-11-13T00:00:00,13.0,13.03,13.19,12.82,0
US1434364006,2007-11-14T00:00:00,12.5,13.06,13.06,12.21,0
US1434364006,2007-11-15T00:00:00,12.56,12.44,12.58,12.39,0
US1434364006,2007-11-16T00:00:00,12.4,12.59,12.62,12.17,0
US1434364006,2007-11-19T00:00:00,11.91,12.34,12.36,11.78,0
US1434364006,2007-11-20T00:00:00,11.83,11.91,12.06,11.48,0
US1434364006,2007-11-21T00:00:00,11.68,11.78,11.83,11.43,0
US1434364006,2007-11-23T00:00:00,12.29,11.76,12.57,12.01,0
US1434364006,2007-11-26T00:00:00,11.53,12.28,12.32,11.45,0
US1434364006,2007-11-27T00:00:00,11.59,11.59,11.83,11.36,0
US1434364006,2007-11-28T00:00:00,12.0,11.69,12.0,11.6,0
US1434364006,2007-11-29T00:00:00,11.52,12.0,12.0,11.37,0
US1434364006,2007-11-30T00:00:00,11.8,11.62,12.18,11.6,0
US1434364006,2007-12-03T00:00:00,11.65,11.81,11.88,11.6,0
US1434364006,2007-12-04T00:00:00,11.33,11.56,11.56,11.13,0
US1434364006,2007-12-05T00:00:00,10.87,11.44,11.44,10.45,0
US1434364006,2007-12-06T00:00:00,10.4,10.84,10.84,10.12,0
US1434364006,2007-12-07T00:00:00,10.14,10.37,10.5,10.0,0
US1434364006,2007-12-10T00:00:00,10.52,10.18,10.52,10.05,0
US1434364006,2007-12-11T00:00:00,9.86,10.55,10.55,9.77,0
US1434364006,2007-12-12T00:00:00,8.98,10.0,10.11,8.89,0
US1434364006,2007-12-13T00:00:00,8.3,8.91,8.94,8.02,0
US1434364006,2007-12-14T00:00:00,8.44,8.29,8.62,8.15,0
US1434364006,2007-12-17T00:00:00,8.28,8.39,8.55,8.26,0
US1434364006,2007-12-18T00:00:00,8.35,8.17,8.44,8.14,0
US1434364006,2007-12-19T00:00:00,8.03,8.32,8.32,7.8,0
US1434364006,2007-12-20T00:00:00,8.16,8.07,8.23,8.07,0
US1434364006,2007-12-21T00:00:00,8.15,8.28,8.32,7.95,0
US1434364006,2007-12-24T00:00:00,8.17,8.14,8.26,8.03,0
US1434364006,2007-12-26T00:00:00,8.09,8.1,8.15,7.94,0
US1434364006,2007-12-27T00:00:00,7.95,8.09,8.23,7.95,0
US1434364006,2007-12-28T00:00:00,7.43,7.8,7.85,7.39,0
US1434364006,2007-12-31T00:00:00,7.26,7.36,7.36,7.09,0
US1434364006,2008-01-02T00:00:00,7.28,7.23,7.51,7.15,0
US1434364006,2008-01-03T00:00:00,6.3,7.23,7.28,6.04,0
US1434364006,2008-01-04T00:00:00,5.88,6.19,6.19,5.88,0
US1434364006,2008-01-07T00:00:00,5.81,5.9,6.12,5.78,0
US1434364006,2008-01-08T00:00:00,4.53,5.85,5.87,4.33,0
US1434364006,2008-01-09T00:00:00,4.22,4.48,4.48,4.08,0
US1434364006,2008-01-10T00:00:00,5.04,4.16,5.05,4.1,0
US1434364006,2008-01-11T00:00:00,4.43,4.99,5.02,4.4,0
US1434364006,2008-01-14T00:00:00,4.45,4.45,4.48,4.27,0
US1434364006,2008-01-15T00:00:00,4.0,4.36,4.36,3.91,0
US1434364006,2008-01-16T00:00:00,3.92,4.01,4.05,3.78,0
US1434364006,2008-01-17T00:00:00,4.35,3.95,4.4,3.86,0
US1434364006,2008-01-18T00:00:00,4.26,4.32,4.5,3.92,0
US1434364006,2008-01-22T00:00:00,3.97,4.08,4.16,3.92,0
US1434364006,2008-01-23T00:00:00,4.2,3.94,4.48,3.91,0
US1434364006,2008-01-24T00:00:00,5.95,4.26,6.27,4.24,0
US1434364006,2008-01-25T00:00:00,6.02,6.0,6.67,5.55,0
US1434364006,2008-01-28T00:00:00,6.44,6.03,6.98,5.98,0
US1434364006,2008-01-29T00:00:00,6.54,6.47,6.84,6.35,0
US1434364006,2008-01-30T00:00:00,6.18,6.48,6.65,6.18,0
US1434364006,2008-01-31T00:00:00,5.99,6.09,6.11,5.75,0
US1434364006,2008-02-01T00:00:00,6.05,6.06,6.26,5.76,0
US1434364006,2008-02-04T00:00:00,6.55,6.29,7.27,6.29,0
US1434364006,2008-02-05T00:00:00,6.29,6.4,6.45,6.17,0
US1434364006,2008-02-06T00:00:00,6.36,6.34,6.59,6.34,0
US1434364006,2008-02-07T00:00:00,6.36,6.3,6.67,6.17,0
US1434364006,2008-02-08T00:00:00,6.17,6.32,6.75,6.05,0
US1434364006,2008-02-11T00:00:00,6.92,6.3,7.15,6.27,0
US1434364006,2008-02-12T00:00:00,6.48,6.97,7.0,6.4,0
US1434364006,2008-02-13T00:00:00,6.64,6.54,6.71,6.5,0
US1434364006,2008-02-14T00:00:00,6.71,6.7,6.81,6.61,0
US1434364006,2008-02-15T00:00:00,6.21,6.65,6.65,6.04,0
US1434364006,2008-02-19T00:00:00,6.47,6.25,6.67,6.1,0
US1434364006,2008-02-20T00:00:00,6.79,6.41,6.9,6.39,0
US1434364006,2008-02-21T00:00:00,6.87,6.87,7.27,6.84,0
US1434364006,2008-02-22T00:00:00,7.33,6.91,7.44,6.71,0
US1434364006,2008-02-25T00:00:00,7.28,7.35,7.49,6.87,0
US1434364006,2008-02-26T00:00:00,7.67,7.24,8.0,7.15,0
US1434364006,2008-02-27T00:00:00,7.12,7.58,7.62,7.1,0
US1434364006,2008-02-28T00:00:00,7.36,7.08,7.51,7.05,0
US1434364006,2008-02-29T00:00:00,7.23,7.26,7.6,6.78,0
US1434364006,2008-03-03T00:00:00,7.31,7.2,7.91,7.01,0
US1434364006,2008-03-04T00:00:00,6.87,7.26,7.32,6.68,0
US1434364006,2008-03-05T00:00:00,7.09,6.95,7.18,6.69,0
US1434364006,2008-03-06T00:00:00,6.88,7.15,7.43,6.88,0
US1434364006,2008-03-07T00:00:00,6.99,6.79,7.18,6.78,0
US1434364006,2008-03-10T00:00:00,6.67,7.0,7.09,6.67,0
US1434364006,2008-03-11T00:00:00,7.63,6.88,7.68,6.73,0
US1434364006,2008-03-12T00:00:00,6.89,7.66,7.66,6.85,0
US1434364006,2008-03-13T00:00:00,7.49,6.79,7.51,6.79,0
US1434364006,2008-03-14T00:00:00,6.45,7.57,7.57,6.42,0
US1434364006,2008-03-17T00:00:00,7.3,6.45,7.66,6.39,0
US1434364006,2008-03-18T00:00:00,8.3,7.93,8.5,6.12,0
US1434364006,2008-03-19T00:00:00,8.44,8.3,8.87,7.84,0
US1434364006,2008-03-20T00:00:00,8.78,8.58,9.3,8.58,0
US1434364006,2008-03-24T00:00:00,9.92,8.8,10.09,8.8,0
US1434364006,2008-03-25T00:00:00,10.17,10.07,10.5,10.04,0
US1434364006,2008-03-26T00:00:00,10.11,10.1,10.34,9.87,0
US1434364006,2008-03-27T00:00:00,10.57,10.16,10.73,10.06,0
US1434364006,2008-03-28T00:00:00,9.57,10.68,10.68,9.46,0
US1434364006,2008-03-31T00:00:00,10.28,9.67,11.37,9.12,0
US1434364006,2008-04-01T00:00:00,10.95,10.28,11.14,10.28,0
US1434364006,2008-04-02T00:00:00,10.03,10.99,10.99,9.81,0
US1434364006,2008-04-03T00:00:00,10.4,9.98,10.6,9.98,0
US1434364006,2008-04-04T00:00:00,10.33,10.59,11.04,10.02,0
US1434364006,2008-04-07T00:00:00,10.5,10.42,10.86,10.42,0
US1434364006,2008-04-08T00:00:00,10.31,10.4,10.42,10.03,0
US1434364006,2008-04-09T00:00:00,9.96,10.35,10.4,9.9,0
US1434364006,2008-04-10T00:00:00,10.22,9.98,10.39,9.88,0
US1434364006,2008-04-11T00:00:00,9.78,10.09,10.5,9.75,0
US1434364006,2008-04-14T00:00:00,9.87,9.82,10.1,9.64,0
US1434364006,2008-04-15T00:00:00,10.0,9.92,10.15,9.81,0
US1434364006,2008-04-16T00:00:00,10.04,10.12,10.19,9.94,0
US1434364006,2008-04-17T00:00:00,10.23,10.09,10.54,9.96,0
US1434364006,2008-04-18T00:00:00,10.99,10.5,11.05,10.04,0
US1434364006,2008-04-21T00:00:00,10.71,10.93,10.93,10.48,0
US1434364006,2008-04-22T00:00:00,10.31,10.68,10.94,10.21,0
US1434364006,2008-04-23T00:00:00,10.34,10.3,10.67,9.72,0
US1434364006,2008-04-24T00:00:00,10.22,10.35,10.66,9.82,0
US1434364006,2008-04-25T00:00:00,9.07,10.09,10.09,8.96,0
US1434364006,2008-04-28T00:00:00,8.49,9.01,9.02,8.4,0
US1434364006,2008-04-29T00:00:00,7.97,8.47,8.57,7.74,0
US1434364006,2008-04-30T00:00:00,8.2,7.97,8.7,7.68,0
US1434364006,2008-05-01T00:00:00,8.56,8.23,8.62,8.08,0
US1434364006,2008-05-02T00:00:00,8.13,8.69,8.69,8.13,0
US1434364006,2008-05-05T00:00:00,8.21,8.19,8.32,8.09,0
US1434364006,2008-05-06T00:00:00,8.12,8.16,8.23,7.92,0
US1434364006,2008-05-07T00:00:00,7.65,8.15,8.15,7.54,0
US1434364006,2008-05-08T00:00:00,8.04,7.65,8.13,7.53,0
US1434364006,2008-05-09T00:00:00,8.28,8.07,8.34,7.76,0
US1434364006,2008-05-12T00:00:00,8.44,8.35,8.47,8.23,0
US1434364006,2008-05-13T00:00:00,9.34,8.5,9.61,8.45,0
US1434364006,2008-05-14T00:00:00,8.94,9.41,9.48,8.9,0
US1434364006,2008-05-15T00:00:00,9.38,8.93,9.49,8.68,0
US1434364006,2008-05-16T00:00:00,9.25,9.44,9.44,8.88,0
US1434364006,2008-05-19T00:00:00,9.34,9.23,9.39,8.93,0
US1434364006,2008-05-20T00:00:00,8.48,9.27,9.27,8.43,0
US1434364006,2008-05-21T00:00:00,8.05,8.5,8.67,7.89,0
US1434364006,2008-05-22T00:00:00,8.19,8.11,8.3,7.98,0
US1434364006,2008-05-23T00:00:00,8.17,8.13,8.36,8.07,0
US1434364006,2008-05-27T00:00:00,8.53,8.19,8.58,7.89,0
US1434364006,2008-05-28T00:00:00,8.34,8.61,8.85,8.27,0
US1434364006,2008-05-29T00:00:00,8.29,8.32,8.47,8.18,0
US1434364006,2008-05-30T00:00:00,8.3,8.36,8.44,8.2,0
US1434364006,2008-06-02T00:00:00,8.05,8.31,8.73,7.71,0
US1434364006,2008-06-03T00:00:00,7.95,8.11,8.15,7.86,0
US1434364006,2008-06-04T00:00:00,8.03,7.9,8.3,7.9,0
US1434364006,2008-06-05T00:00:00,8.13,8.04,8.3,7.88,0
US1434364006,2008-06-06T00:00:00,7.37,8.02,8.03,7.32,0
US1434364006,2008-06-09T00:00:00,7.92,7.39,7.97,7.26,0
US1434364006,2008-06-10T00:00:00,7.95,7.78,8.05,7.78,0
US1434364006,2008-06-11T00:00:00,7.53,7.89,7.89,7.47,0
US1434364006,2008-06-12T00:00:00,7.45,7.61,7.7,7.42,0
US1434364006,2008-06-13T00:00:00,7.38,7.45,7.45,7.2,0
US1434364006,2008-06-16T00:00:00,7.49,7.29,7.5,7.11,0
US1434364006,2008-06-17T00:00:00,7.23,7.53,7.69,7.17,0
US1434364006,2008-06-18T00:00:00,7.28,7.19,7.43,7.09,0
US1434364006,2008-06-19T00:00:00,7.23,7.28,7.28,7.12,0
US1434364006,2008-06-20T00:00:00,6.98,7.16,7.4,6.95,0
US1434364006,2008-06-23T00:00:00,6.33,7.0,7.16,6.31,0
US1434364006,2008-06-24T00:00:00,6.68,6.24,6.7,6.19,0
US1434364006,2008-06-25T00:00:00,5.05,6.68,6.71,5.03,0
US1434364006,2008-06-26T00:00:00,5.33,5.18,5.39,4.46,0
US1434364006,2008-06-27T00:00:00,5.87,5.29,6.18,5.29,0
US1434364006,2008-06-30T00:00:00,5.87,5.79,5.95,5.67,0
US1434364006,2008-07-01T00:00:00,5.82,5.82,6.28,5.78,0
US1434364006,2008-07-02T00:00:00,6.16,5.8,6.48,5.8,0
US1434364006,2008-07-03T00:00:00,6.09,6.15,6.26,5.93,0
US1434364006,2008-07-07T00:00:00,5.81,6.18,6.37,5.69,0
US1434364006,2008-07-08T00:00:00,6.26,5.86,6.31,5.69,0
US1434364006,2008-07-09T00:00:00,5.88,6.17,6.18,5.85,0
US1434364006,2008-07-10T00:00:00,5.82,5.87,6.03,5.73,0
US1434364006,2008-07-11T00:00:00,5.5,5.76,5.78,5.43,0
US1434364006,2008-07-14T00:00:00,5.49,5.61,5.78,5.33,0
US1434364006,2008-07-15T00:00:00,5.56,5.52,5.91,5.28,0
US1434364006,2008-07-16T00:00:00,5.84,5.63,5.97,5.59,0
US1434364006,2008-07-17T00:00:00,5.91,5.82,5.94,5.76,0
US1434364006,2008-07-18T00:00:00,6.17,5.91,6.25,5.76,0
US1434364006,2008-07-21T00:00:00,6.08,6.15,6.19,5.9,0
US1434364006,2008-07-22T00:00:00,6.23,6.09,6.44,5.86,0
US1434364006,2008-07-23T00:00:00,6.55,6.3,6.7,6.3,0
US1434364006,2008-07-24T00:00:00,6.02,6.51,6.51,6.02,0
US1434364006,2008-07-25T00:00:00,6.23,6.0,6.34,6.0,0
US1434364006,2008-07-28T00:00:00,6.325,6.17,6.7,6.1,0
US1434364006,2008-07-29T00:00:00,6.4,6.44,6.67,6.36,0
US1434364006,2008-07-30T00:00:00,6.49,6.51,6.58,6.39,0
US1434364006,2008-07-31T00:00:00,6.56,6.56,6.67,6.47,0
US1434364006,2008-08-01T00:00:00,6.55,6.63,6.76,6.35,0
US1434364006,2008-08-04T00:00:00,6.48,6.49,6.62,6.35,0
US1434364006,2008-08-05T00:00:00,6.5,6.58,6.63,6.01,0
US1434364006,2008-08-06T00:00:00,6.36,6.53,6.53,6.25,0
US1434364006,2008-08-07T00:00:00,6.29,6.43,6.57,6.24,0
US1434364006,2008-08-08T00:00:00,6.25,6.29,6.33,6.17,0
US1434364006,2008-08-11T00:00:00,6.26,6.36,6.48,6.16,0
US1434364006,2008-08-12T00:00:00,6.41,6.69,6.8,6.4,0
US1434364006,2008-08-13T00:00:00,6.25,6.32,6.44,6.05,0
US1434364006,2008-08-14T00:00:00,6.21,6.25,6.53,6.07,0
US1434364006,2008-08-15T00:00:00,6.12,6.28,6.72,6.01,0
US1434364006,2008-08-18T00:00:00,6.13,6.1,6.24,6.1,0
US1434364006,2008-08-19T00:00:00,6.16,6.13,6.25,6.09,0
US1434364006,2008-08-20T00:00:00,6.09,6.21,6.21,6.02,0
US1434364006,2008-08-21T00:00:00,5.99,6.01,6.13,5.89,0
US1434364006,2008-08-22T00:00:00,6.02,6.07,6.16,5.92,0
US1434364006,2008-08-25T00:00:00,5.83,6.03,6.03,5.82,0
US1434364006,2008-08-26T00:00:00,5.62,5.88,5.79,5.61,0
US1434364006,2008-08-27T00:00:00,5.57,5.83,5.85,5.52,0
US1434364006,2008-08-28T00:00:00,5.55,5.7,5.7,5.52,0
US1434364006,2008-08-29T00:00:00,5.27,5.49,5.46,5.06,0
US1434364006,2008-09-02T00:00:00,5.71,5.2,5.71,5.2,0
US1434364006,2008-09-03T00:00:00,5.3,5.65,5.65,5.25,0
US1434364006,2008-09-04T00:00:00,5.33,5.28,5.52,5.28,0
US1434364006,2008-09-05T00:00:00,5.34,5.25,5.42,5.25,0
US1434364006,2008-09-08T00:00:00,4.91,5.14,5.32,4.9,0
US1434364006,2008-09-09T00:00:00,4.98,4.86,5.0,4.86,0
US1434364006,2008-09-10T00:00:00,4.85,4.96,5.05,4.8,0
US1434364006,2008-09-11T00:00:00,4.36,4.81,4.81,4.36,0
US1434364006,2008-09-12T00:00:00,4.12,4.59,4.59,4.12,0
US1434364006,2008-09-15T00:00:00,3.99,4.06,4.12,3.97,0
US1434364006,2008-09-16T00:00:00,3.91,3.88,4.03,3.7,0
US1434364006,2008-09-17T00:00:00,3.71,3.77,3.9,3.55,0
US1434364006,2008-09-18T00:00:00,3.76,3.8,4.0,3.66,0
US1434364006,2008-09-19T00:00:00,3.95,4.01,4.01,3.8,0
US1434364006,2008-09-22T00:00:00,3.85,3.9,4.09,3.83,0
US1434364006,2008-09-23T00:00:00,3.89,3.89,3.9,3.76,0
US1434364006,2008-09-24T00:00:00,3.63,3.88,3.89,3.62,0
US1434364006,2008-09-25T00:00:00,3.68,3.61,3.9,3.57,0
US1434364006,2008-09-26T00:00:00,3.65,3.62,3.72,3.59,0
US1434364006,2008-09-29T00:00:00,4.49,3.59,4.49,2.81,0
US1434364006,2008-09-30T00:00:00,3.68,3.92,4.0,3.56,0
US1434364006,2008-10-01T00:00:00,3.83,3.78,3.96,3.5,0
US1434364006,2008-10-02T00:00:00,3.75,3.76,4.4,3.71,0
US1434364006,2008-10-03T00:00:00,3.63,3.7,4.14,3.63,0
US1434364006,2008-10-06T00:00:00,3.62,3.54,3.95,3.53,0
US1434364006,2008-10-07T00:00:00,3.69,3.62,3.98,3.68,0
US1434364006,2008-10-08T00:00:00,3.58,3.58,3.99,3.58,0
US1434364006,2008-10-09T00:00:00,3.17,3.58,3.64,3.17,0
US1434364006,2008-10-10T00:00:00,3.0,3.26,3.4,2.5,0
US1434364006,2008-10-13T00:00:00,3.46,3.11,3.73,2.93,0
US1434364006,2008-10-14T00:00:00,3.16,3.47,3.64,3.13,0
US1434364006,2008-10-15T00:00:00,3.01,3.08,3.15,2.8,0
US1434364006,2008-10-16T00:00:00,2.96,2.86,3.02,2.6,0
US1434364006,2008-10-17T00:00:00,2.9,2.87,2.94,2.6,0
US1434364006,2008-10-20T00:00:00,3.0,2.89,3.03,2.73,0
US1434364006,2008-10-21T00:00:00,3.17,3.17,3.17,3.0,0
US1434364006,2008-10-22T00:00:00,2.85,3.07,3.2,2.83,0
US1434364006,2008-10-23T00:00:00,2.56,2.82,2.84,2.54,0
US1434364006,2008-10-24T00:00:00,2.58,2.6,2.62,2.31,0
US1434364006,2008-10-27T00:00:00,1.91,2.42,2.42,1.91,0
US1434364006,2008-10-28T00:00:00,1.69,1.99,2.03,1.69,0
US1434364006,2008-10-29T00:00:00,1.94,1.835,2.24,1.76,0
US1434364006,2008-10-30T00:00:00,1.95,2.02,2.17,1.88,0
US1434364006,2008-10-31T00:00:00,2.15,1.9,2.2,1.9,0
US1434364006,2008-11-03T00:00:00,2.32,2.16,2.4,2.115,0
US1434364006,2008-11-04T00:00:00,2.49,2.33,2.49,2.23,0
US1434364006,2008-11-05T00:00:00,2.88,2.42,2.93,2.52,0
US1434364006,2008-11-06T00:00:00,2.76,2.88,2.83,2.4,0
US1434364006,2008-11-07T00:00:00,2.74,2.7,2.86,2.48,0
US1434364006,2008-11-10T00:00:00,2.76,2.36,2.8,2.36,0
US1434364006,2008-11-11T00:00:00,2.75,2.42,3.27,2.33,0
US1434364006,2008-11-12T00:00:00,2.75,2.79,3.03,2.42,0
US1434364006,2008-11-13T00:00:00,2.98,2.81,2.98,2.75,0
US1434364006,2008-11-14T00:00:00,2.93,2.95,3.01,2.86,0
US1434364006,2008-11-17T00:00:00,2.83,2.97,3.09,2.76,0
US1434364006,2008-11-18T00:00:00,3.5,2.91,3.5,2.63,0
US1434364006,2008-11-19T00:00:00,2.75,3.44,3.47,2.73,0
US1434364006,2008-11-20T00:00:00,2.51,2.79,2.81,2.3,0
US1434364006,2008-11-21T00:00:00,2.71,2.58,2.79,2.37,0
US1434364006,2008-11-24T00:00:00,2.9,2.71,2.9,2.71,0
US1434364006,2008-11-25T00:00:00,2.73,2.97,2.97,2.67,0
US1434364006,2008-11-26T00:00:00,2.93,2.77,2.97,2.34,0
US1434364006,2008-11-28T00:00:00,3.04,3.0,3.23,2.97,0
US1434364006,2008-12-01T00:00:00,3.0,2.98,3.25,2.96,0
US1434364006,2008-12-02T00:00:00,2.8,3.08,3.11,2.54,0
US1434364006,2008-12-03T00:00:00,2.56,2.82,2.84,2.39,0
US1434364006,2008-12-04T00:00:00,2.21,2.47,2.48,2.21,0
US1434364006,2008-12-05T00:00:00,2.03,2.23,2.29,2.0,0
US1434364006,2008-12-08T00:00:00,1.82,2.12,2.12,1.82,0
US1434364006,2008-12-09T00:00:00,1.84,1.81,2.02,1.81,0
US1434364006,2008-12-10T00:00:00,1.78,1.85,2.2,1.7,0
US1434364006,2008-12-11T00:00:00,1.72,1.75,4.05,1.39,0
US1434364006,2008-12-12T00:00:00,1.79,1.67,1.86,1.67,0
US1434364006,2008-12-15T00:00:00,1.61,1.77,1.77,1.57,0
US1434364006,2008-12-16T00:00:00,1.64,1.6,1.66,1.4,0
US1434364006,2008-12-17T00:00:00,1.66,1.69,1.73,1.52,0
US1434364006,2008-12-18T00:00:00,1.95,1.67,2.17,1.67,0
US1434364006,2008-12-19T00:00:00,1.96,1.95,2.11,1.73,0
US1434364006,2008-12-22T00:00:00,2.01,1.94,2.04,1.9,0
US1434364006,2008-12-23T00:00:00,2.06,2.02,2.09,1.97,0
US1434364006,2008-12-24T00:00:00,2.1,2.16,2.13,2.01,0
US1434364006,2008-12-26T00:00:00,1.91,2.05,2.1,1.79,0
US1434364006,2008-12-29T00:00:00,2.32,2.05,2.32,1.69,0
US1434364006,2008-12-30T00:00:00,2.95,2.38,3.09,2.33,0
US1434364006,2008-12-31T00:00:00,3.65,3.0,3.8,3.0,0
US1434364006,2009-01-02T00:00:00,3.34,3.5,3.67,3.26,0
US1434364006,2009-01-05T00:00:00,2.82,3.28,3.34,2.8,0
US1434364006,2009-01-06T00:00:00,3.315,2.82,3.4,2.82,0
US1434364006,2009-01-07T00:00:00,3.07,3.27,3.4,3.02,0
US1434364006,2009-01-08T00:00:00,3.04,2.98,3.14,3.01,0
US1434364006,2009-01-09T00:00:00,2.99,3.12,3.15,2.95,0
US1434364006,2009-01-12T00:00:00,2.8,3.05,3.13,2.8,0
US1434364006,2009-01-13T00:00:00,2.6,2.85,2.85,2.6,0
US1434364006,2009-01-14T00:00:00,2.83,2.64,2.83,2.52,0
US1434364006,2009-01-15T00:00:00,2.83,2.77,2.83,2.39,0
US1434364006,2009-01-16T00:00:00,2.93,2.84,2.96,2.78,0
US1434364006,2009-01-20T00:00:00,2.75,2.75,3.02,2.4,0
US1434364006,2009-01-21T00:00:00,3.03,2.72,3.03,2.63,0
US1434364006,2009-01-22T00:00:00,2.67,2.94,2.94,2.59,0
US1434364006,2009-01-23T00:00:00,2.68,2.76,2.8,2.59,0
US1434364006,2009-01-26T00:00:00,2.41,2.63,2.66,2.34,0
US1434364006,2009-01-27T00:00:00,2.65,2.48,2.7,2.47,0
US1434364006,2009-01-28T00:00:00,2.54,2.7,2.7,2.4,0
US1434364006,2009-01-29T00:00:00,2.25,2.57,2.57,2.25,0
US1434364006,2009-01-30T00:00:00,2.01,2.25,2.32,2.0,0
US1434364006,2009-02-02T00:00:00,2.02,2.05,2.05,1.9,0
US1434364006,2009-02-03T00:00:00,2.0,2.07,2.01,1.79,0
US1434364006,2009-02-04T00:00:00,1.92,2.05,2.06,1.92,0
US1434364006,2009-02-05T00:00:00,1.87,1.98,1.98,1.87,0
US1434364006,2009-02-06T00:00:00,2.09,1.93,2.18,1.91,0
US1434364006,2009-02-09T00:00:00,2.0,2.11,2.11,1.95,0
US1434364006,2009-02-10T00:00:00,1.9,1.85,1.97,1.76,0
US1434364006,2009-02-11T00:00:00,1.99,1.96,2.0,1.92,0
US1434364006,2009-02-12T00:00:00,2.02,1.99,2.02,1.98,0
US1434364006,2009-02-13T00:00:00,2.15,2.05,2.21,2.05,0
US1434364006,2009-02-17T00:00:00,2.0,2.01,2.11,1.97,0
US1434364006,2009-02-18T00:00:00,2.0,1.9,2.0,1.89,0
US1434364006,2009-02-19T00:00:00,1.97,2.0,2.03,1.91,0
US1434364006,2009-02-20T00:00:00,1.84,2.02,2.02,1.83,0
US1434364006,2009-02-23T00:00:00,1.8,1.9,1.94,1.79,0
US1434364006,2009-02-24T00:00:00,1.92,1.8,1.92,1.77,0
US1434364006,2009-02-25T00:00:00,1.95,1.92,1.99,1.92,0
US1434364006,2009-02-26T00:00:00,2.04,1.81,2.25,1.81,0
US1434364006,2009-02-27T00:00:00,1.77,2.07,2.07,1.77,0
US1434364006,2009-03-02T00:00:00,1.6,1.81,1.8,1.6,0
US1434364006,2009-03-03T00:00:00,1.52,1.68,1.68,1.52,0
US1434364006,2009-03-04T00:00:00,1.41,1.58,1.66,1.36,0
US1434364006,2009-03-05T00:00:00,1.38,1.46,1.47,1.33,0
US1434364006,2009-03-06T00:00:00,1.31,1.35,1.42,1.31,0
US1434364006,2009-03-09T00:00:00,1.01,1.36,1.33,1.01,0
US1434364006,2009-03-10T00:00:00,1.23,1.06,1.31,1.06,0
US1434364006,2009-03-11T00:00:00,1.4,1.31,1.45,1.31,0
US1434364006,2009-03-12T00:00:00,1.35,1.44,1.46,1.31,0
US1434364006,2009-03-13T00:00:00,1.34,1.4,1.4,1.25,0
US1434364006,2009-03-16T00:00:00,1.4,1.39,1.4,1.3,0
US1434364006,2009-03-17T00:00:00,1.84,1.74,1.87,1.72,0
US1434364006,2009-03-18T00:00:00,2.0,1.9,2.09,1.83,0
US1434364006,2009-03-19T00:00:00,1.95,2.0,1.98,1.88,0
US1434364006,2009-03-20T00:00:00,2.41,1.96,2.41,1.81,0
US1434364006,2009-03-23T00:00:00,2.66,2.46,2.66,2.46,0
US1434364006,2009-03-24T00:00:00,2.46,2.52,2.55,2.25,0
US1434364006,2009-03-25T00:00:00,2.59,2.45,2.68,2.45,0
US1434364006,2009-03-26T00:00:00,2.55,2.73,2.73,2.53,0
US1434364006,2009-03-27T00:00:00,2.48,2.53,2.53,2.4,0
US1434364006,2009-03-30T00:00:00,2.7,2.38,2.73,2.38,0
US1434364006,2009-03-31T00:00:00,2.59,2.7,2.7,2.41,0
US1434364006,2009-04-01T00:00:00,2.55,2.54,2.61,2.5,0
US1434364006,2009-04-02T00:00:00,2.81,2.61,3.15,2.61,0
US1434364006,2009-04-03T00:00:00,3.19,2.8,3.19,2.77,0
US1434364006,2009-04-06T00:00:00,3.4,3.11,3.42,3.11,0
US1434364006,2009-04-07T00:00:00,3.44,3.38,3.57,3.38,0
US1434364006,2009-04-08T00:00:00,3.23,3.44,3.44,3.14,0
US1434364006,2009-04-09T00:00:00,3.21,3.28,3.43,3.11,0
US1434364006,2009-04-13T00:00:00,3.23,3.38,3.53,3.23,0
US1434364006,2009-04-14T00:00:00,3.46,3.21,3.54,3.21,0
US1434364006,2009-04-15T00:00:00,3.97,3.5,3.97,3.5,0
US1434364006,2009-04-16T00:00:00,4.5,4.01,4.52,4.01,0
US1434364006,2009-04-17T00:00:00,4.45,4.5,4.6,4.36,0
US1434364006,2009-04-20T00:00:00,4.32,4.53,4.53,4.06,0
US1434364006,2009-04-21T00:00:00,4.4,4.35,4.4,4.31,0
US1434364006,2009-04-22T00:00:00,4.59,4.5,4.65,4.5,0
US1434364006,2009-04-23T00:00:00,4.51,4.63,4.69,4.5,0
US1434364006,2009-04-24T00:00:00,4.43,4.53,4.6,4.43,0
US1434364006,2009-04-27T00:00:00,4.15,4.16,4.2,3.93,0
US1434364006,2009-04-28T00:00:00,4.1,4.15,4.2,4.09,0
US1434364006,2009-04-29T00:00:00,4.17,4.09,4.27,4.07,0
US1434364006,2009-04-30T00:00:00,4.08,4.25,4.3,4.03,0
US1434364006,2009-05-01T00:00:00,4.29,4.07,4.29,4.01,0
US1434364006,2009-05-04T00:00:00,5.23,4.4,5.25,4.4,0
US1434364006,2009-05-05T00:00:00,6.09,4.97,6.23,4.84,0
US1434364006,2009-05-06T00:00:00,7.33,6.09,7.79,6.09,0
US1434364006,2009-05-07T00:00:00,7.1,7.29,7.35,6.77,0
US1434364006,2009-05-08T00:00:00,7.21,7.11,7.24,7.05,0
US1434364006,2009-05-11T00:00:00,7.6,7.26,7.8,6.79,0
US1434364006,2009-05-12T00:00:00,7.77,7.71,7.9,7.36,0
US1434364006,2009-05-13T00:00:00,7.05,7.75,7.75,6.97,0
US1434364006,2009-05-14T00:00:00,7.46,6.9,7.46,6.53,0
US1434364006,2009-05-15T00:00:00,7.16,7.46,7.48,7.0,0
US1434364006,2009-05-18T00:00:00,7.75,7.36,7.75,7.15,0
US1434364006,2009-05-19T00:00:00,7.69,7.8,7.88,7.69,0
US1434364006,2009-05-20T00:00:00,7.9,7.69,7.9,7.54,0
US1434364006,2009-05-21T00:00:00,7.69,7.66,7.99,7.59,0
US1434364006,2009-05-22T00:00:00,7.83,7.84,7.88,7.78,0
US1434364006,2009-05-26T00:00:00,8.14,7.82,8.21,7.72,0
US1434364006,2009-05-27T00:00:00,8.62,8.08,8.73,8.08,0
US1434364006,2009-05-28T00:00:00,9.05,8.69,9.05,8.67,0
US1434364006,2009-05-29T00:00:00,9.2,8.98,9.2,8.77,0
US1434364006,2009-06-01T00:00:00,9.82,9.23,9.99,9.23,0
US1434364006,2009-06-02T00:00:00,9.22,9.63,9.95,8.79,0
US1434364006,2009-06-03T00:00:00,7.9,9.0,9.0,7.67,0
US1434364006,2009-06-04T00:00:00,8.46,7.83,8.64,7.83,0
US1434364006,2009-06-05T00:00:00,8.63,8.5,8.69,8.33,0
US1434364006,2009-06-08T00:00:00,8.69,8.63,8.83,8.4,0
US1434364006,2009-06-09T00:00:00,9.12,8.7,9.35,8.67,0
US1434364006,2009-06-10T00:00:00,9.02,8.75,9.03,8.27,0
US1434364006,2009-06-11T00:00:00,8.84,9.02,9.06,8.4,0
US1434364006,2009-06-12T00:00:00,8.86,8.83,8.89,8.67,0
US1434364006,2009-06-15T00:00:00,8.33,8.6,8.69,7.91,0
US1434364006,2009-06-16T00:00:00,7.21,8.3,8.32,7.14,0
US1434364006,2009-06-17T00:00:00,7.37,7.22,7.45,6.71,0
US1434364006,2009-06-18T00:00:00,7.86,7.3,8.21,7.24,0
US1434364006,2009-06-19T00:00:00,7.99,7.9,8.09,7.9,0
US1434364006,2009-06-22T00:00:00,7.71,7.83,7.86,7.33,0
US1434364006,2009-06-23T00:00:00,7.6,7.64,7.83,7.59,0
US1434364006,2009-06-24T00:00:00,7.73,7.59,7.79,7.59,0
US1434364006,2009-06-25T00:00:00,7.91,7.58,7.94,7.58,0
US1434364006,2009-06-26T00:00:00,8.53,7.96,8.54,7.83,0
US1434364006,2009-06-29T00:00:00,8.38,8.53,8.54,7.85,0
US1434364006,2009-06-30T00:00:00,8.38,8.48,8.74,8.17,0
US1434364006,2009-07-01T00:00:00,8.61,8.54,8.7,8.38,0
US1434364006,2009-07-02T00:00:00,8.39,8.56,8.61,8.03,0
US1434364006,2009-07-06T00:00:00,8.38,8.4,8.4,8.27,0
US1434364006,2009-07-07T00:00:00,8.28,8.41,8.58,8.09,0
US1434364006,2009-07-08T00:00:00,8.01,8.42,8.42,7.78,0
US1434364006,2009-07-09T00:00:00,7.87,8.07,8.3,7.85,0
US1434364006,2009-07-10T00:00:00,8.22,7.86,8.23,7.84,0
US1434364006,2009-07-13T00:00:00,8.19,8.21,8.21,8.0,0
US1434364006,2009-07-14T00:00:00,8.27,8.21,8.3,8.11,0
US1434364006,2009-07-15T00:00:00,8.77,8.39,8.78,8.05,0
US1434364006,2009-07-16T00:00:00,8.99,8.75,9.0,8.64,0
US1434364006,2009-07-17T00:00:00,8.88,9.0,9.13,8.74,0
US1434364006,2009-07-20T00:00:00,9.65,9.0,9.71,8.49,0
US1434364006,2009-07-21T00:00:00,9.18,9.73,9.73,8.94,0
US1434364006,2009-07-22T00:00:00,9.44,9.15,9.56,9.11,0
US1434364006,2009-07-23T00:00:00,9.77,9.39,9.83,9.39,0
US1434364006,2009-07-24T00:00:00,9.79,9.56,9.85,9.19,0
US1434364006,2009-07-27T00:00:00,9.34,9.74,9.74,9.06,0
US1434364006,2009-07-28T00:00:00,9.31,9.26,9.31,9.15,0
US1434364006,2009-07-29T00:00:00,9.22,9.24,9.39,9.01,0
US1434364006,2009-07-30T00:00:00,9.6,9.38,10.13,9.36,0
US1434364006,2009-07-31T00:00:00,9.5,9.5,9.65,9.49,0
US1434364006,2009-08-03T00:00:00,9.68,9.5,9.71,9.46,0
US1434364006,2009-08-04T00:00:00,9.78,9.5,9.78,9.35,0
US1434364006,2009-08-05T00:00:00,9.68,9.78,10.02,9.58,0
US1434364006,2009-08-06T00:00:00,9.36,9.74,10.07,9.2,0
US1434364006,2009-08-07T00:00:00,9.5,9.49,9.58,9.35,0
US1434364006,2009-08-10T00:00:00,9.57,9.43,9.85,9.41,0
US1434364006,2009-08-11T00:00:00,9.4,9.56,9.56,9.28,0
US1434364006,2009-08-12T00:00:00,9.45,9.37,9.64,9.33,0
US1434364006,2009-08-13T00:00:00,9.34,9.5,9.54,9.12,0
US1434364006,2009-08-14T00:00:00,9.1,9.36,9.22,9.06,0
US1434364006,2009-08-17T00:00:00,8.47,8.83,9.32,8.47,0
US1434364006,2009-08-18T00:00:00,8.33,8.81,8.85,8.3,0
US1434364006,2009-08-19T00:00:00,8.36,8.27,8.73,8.27,0
US1434364006,2009-08-20T00:00:00,8.95,8.37,9.17,8.37,0
US1434364006,2009-08-21T00:00:00,9.46,9.04,10.35,8.94,0
US1434364006,2009-08-24T00:00:00,10.1,9.51,10.11,9.51,0
US1434364006,2009-08-25T00:00:00,10.31,10.15,10.35,10.15,0
US1434364006,2009-08-26T00:00:00,10.41,10.25,10.45,10.12,0
US1434364006,2009-08-27T00:00:00,10.31,10.4,10.45,10.06,0
US1434364006,2009-08-28T00:00:00,10.07,10.4,10.49,9.99,0
US1434364006,2009-08-31T00:00:00,10.14,10.02,10.22,10.02,0
US1434364006,2009-09-01T00:00:00,9.76,10.12,10.25,9.55,0
US1434364006,2009-09-02T00:00:00,9.65,9.77,9.68,9.53,0
US1434364006,2009-09-03T00:00:00,9.64,9.65,9.75,9.54,0
US1434364006,2009-09-04T00:00:00,9.92,9.61,9.99,9.58,0
US1434364006,2009-09-08T00:00:00,9.7,9.92,9.94,9.66,0
US1434364006,2009-09-09T00:00:00,9.65,9.68,9.77,9.54,0
US1434364006,2009-09-10T00:00:00,9.83,9.61,9.85,9.55,0
US1434364006,2009-09-11T00:00:00,9.59,9.89,9.89,9.58,0
US1434364006,2009-09-14T00:00:00,9.5,9.5,9.59,9.31,0
US1434364006,2009-09-15T00:00:00,9.48,9.46,9.63,9.46,0
US1434364006,2009-09-16T00:00:00,9.61,9.5,9.64,9.43,0
US1434364006,2009-09-17T00:00:00,9.58,9.55,10.0,9.55,0
US1434364006,2009-09-18T00:00:00,9.61,9.65,9.69,9.51,0
US1434364006,2009-09-21T00:00:00,9.64,9.55,9.72,9.55,0
US1434364006,2009-09-22T00:00:00,9.65,9.66,9.79,9.61,0
US1434364006,2009-09-23T00:00:00,9.87,9.69,10.06,9.65,0
US1434364006,2009-09-24T00:00:00,9.98,9.93,10.06,9.91,0
US1434364006,2009-09-25T00:00:00,9.93,9.93,9.99,9.89,0
US1434364006,2009-09-28T00:00:00,10.21,9.94,10.25,9.77,0
US1434364006,2009-09-29T00:00:00,10.29,10.19,10.44,10.19,0
US1434364006,2009-09-30T00:00:00,10.11,10.25,10.25,9.98,0
US1434364006,2009-10-01T00:00:00,10.15,10.09,10.24,9.93,0
US1434364006,2009-10-02T00:00:00,9.99,10.04,10.1,9.93,0
US1434364006,2009-10-05T00:00:00,10.01,10.0,10.15,9.93,0
US1434364006,2009-10-06T00:00:00,10.1,10.05,10.14,9.98,0
US1434364006,2009-10-07T00:00:00,10.08,10.12,10.62,10.03,0
US1434364006,2009-10-08T00:00:00,10.04,10.11,10.17,10.04,0
US1434364006,2009-10-09T00:00:00,10.25,10.01,10.25,10.06,0
US1434364006,2009-10-12T00:00:00,10.4,10.23,10.83,10.19,0
US1434364006,2009-10-13T00:00:00,10.53,10.37,10.64,10.37,0
US1434364006,2009-10-14T00:00:00,10.96,10.26,11.0,10.14,0
US1434364006,2009-10-15T00:00:00,11.17,10.86,11.17,10.84,0
US1434364006,2009-10-16T00:00:00,11.06,11.13,11.13,10.99,0
US1434364006,2009-10-19T00:00:00,11.09,11.1,11.16,11.02,0
US1434364006,2009-10-20T00:00:00,11.15,11.06,11.15,10.94,0
US1434364006,2009-10-21T00:00:00,10.88,11.16,11.5,10.84,0
US1434364006,2009-10-22T00:00:00,10.91,10.91,11.05,10.47,0
US1434364006,2009-10-23T00:00:00,10.0,10.89,10.89,10.0,0
US1434364006,2009-10-26T00:00:00,9.65,10.01,10.14,9.63,0
US1434364006,2009-10-27T00:00:00,9.42,9.66,9.66,9.34,0
US1434364006,2009-10-28T00:00:00,9.32,9.44,9.57,9.29,0
US1434364006,2009-10-29T00:00:00,10.01,9.5,10.05,9.5,0
US1434364006,2009-10-30T00:00:00,9.83,9.91,10.19,9.3,0
US1434364006,2009-11-02T00:00:00,9.58,9.92,10.41,9.51,0
US1434364006,2009-11-03T00:00:00,6.6,8.17,8.42,6.31,0
US1434364006,2009-11-04T00:00:00,6.01,6.5,6.58,6.0,0
US1434364006,2009-11-05T00:00:00,6.34,6.01,6.4,5.85,0
US1434364006,2009-11-06T00:00:00,6.25,6.17,6.28,6.0,0
US1434364006,2009-11-09T00:00:00,6.39,6.15,6.49,6.14,0
US1434364006,2009-11-10T00:00:00,6.51,6.27,6.56,6.24,0
US1434364006,2009-11-11T00:00:00,6.31,6.54,6.54,6.14,0
US1434364006,2009-11-12T00:00:00,5.9,6.22,6.22,5.89,0
US1434364006,2009-11-13T00:00:00,5.73,5.91,5.97,5.55,0
US1434364006,2009-11-16T00:00:00,5.7,5.68,5.8,5.6,0
US1434364006,2009-11-17T00:00:00,6.3,6.0,6.34,6.0,0
US1434364006,2009-11-18T00:00:00,6.01,6.29,6.34,5.78,0
US1434364006,2009-11-19T00:00:00,5.67,5.95,6.07,5.57,0
US1434364006,2009-11-20T00:00:00,5.93,5.9,6.05,5.83,0
US1434364006,2009-11-23T00:00:00,6.1,6.0,6.32,6.0,0
US1434364006,2009-11-24T00:00:00,6.11,6.1,6.25,6.02,0
US1434364006,2009-11-25T00:00:00,6.21,6.14,6.29,6.14,0
US1434364006,2009-11-27T00:00:00,6.0,6.03,6.09,5.93,0
US1434364006,2009-11-30T00:00:00,6.09,5.88,6.12,5.63,0
US1434364006,2009-12-01T00:00:00,6.18,6.13,6.28,6.0,0
US1434364006,2009-12-02T00:00:00,6.34,6.21,6.34,6.11,0
US1434364006,2009-12-03T00:00:00,6.51,6.3,6.7,6.3,0
US1434364006,2009-12-04T00:00:00,6.78,6.62,6.83,6.56,0
US1434364006,2009-12-07T00:00:00,7.41,6.82,7.5,6.75,0
US1434364006,2009-12-08T00:00:00,7.3,7.35,7.46,7.29,0
US1434364006,2009-12-09T00:00:00,7.45,7.31,7.47,7.18,0
US1434364006,2009-12-10T00:00:00,7.04,7.24,7.39,6.97,0
US1434364006,2009-12-11T00:00:00,7.26,7.09,7.32,6.62,0
US1434364006,2009-12-14T00:00:00,7.35,7.28,7.35,7.03,0
US1434364006,2009-12-15T00:00:00,7.07,7.32,7.44,7.05,0
US1434364006,2009-12-16T00:00:00,7.17,7.13,7.25,7.03,0
US1434364006,2009-12-17T00:00:00,7.06,7.15,7.23,7.0,0
US1434364006,2009-12-18T00:00:00,7.07,7.16,7.28,6.9,0
US1434364006,2009-12-21T00:00:00,7.16,7.08,7.27,6.96,0
US1434364006,2009-12-22T00:00:00,7.13,7.14,7.17,7.1,0
US1434364006,2009-12-23T00:00:00,7.15,7.15,7.24,7.1,0
US1434364006,2009-12-24T00:00:00,7.15,7.2,7.23,7.11,0
US1434364006,2009-12-28T00:00:00,7.53,7.2,7.54,7.19,0
US1434364006,2009-12-29T00:00:00,7.74,7.52,7.74,7.39,0
US1434364006,2009-12-30T00:00:00,7.78,7.7,7.8,7.51,0
US1434364006,2009-12-31T00:00:00,7.56,7.76,7.76,7.55,0
US1434364006,2010-01-04T00:00:00,7.42,7.7,7.7,7.33,0
US1434364006,2010-01-05T00:00:00,7.55,7.45,7.55,7.37,0
US1434364006,2010-01-06T00:00:00,7.5,7.54,7.74,7.5,0
US1434364006,2010-01-07T00:00:00,7.55,7.5,7.57,7.37,0
US1434364006,2010-01-08T00:00:00,7.63,7.53,7.67,7.51,0
US1434364006,2010-01-11T00:00:00,7.58,7.66,7.66,7.42,0
US1434364006,2010-01-12T00:00:00,7.43,7.48,7.59,7.3,0
US1434364006,2010-01-13T00:00:00,7.42,7.45,7.45,7.29,0
US1434364006,2010-01-14T00:00:00,7.34,7.37,7.45,7.34,0
US1434364006,2010-01-15T00:00:00,7.65,7.38,7.75,7.05,0
US1434364006,2010-01-19T00:00:00,7.83,7.64,7.9,7.51,0
US1434364006,2010-01-20T00:00:00,7.44,7.78,7.87,7.37,0
US1434364006,2010-01-21T00:00:00,7.53,7.47,7.69,7.18,0
US1434364006,2010-01-22T00:00:00,7.09,7.53,7.64,7.02,0
US1434364006,2010-01-25T00:00:00,7.22,7.15,7.33,6.8,0
US1434364006,2010-01-26T00:00:00,7.36,7.16,7.82,7.16,0
US1434364006,2010-01-27T00:00:00,7.33,7.35,7.42,7.25,0
US1434364006,2010-01-28T00:00:00,7.3,7.36,7.37,7.11,0
US1434364006,2010-01-29T00:00:00,7.23,7.31,7.34,7.19,0
US1434364006,2010-02-01T00:00:00,7.26,7.22,7.32,7.18,0
US1434364006,2010-02-02T00:00:00,7.09,7.24,7.24,7.0,0
US1434364006,2010-02-03T00:00:00,7.18,7.06,7.18,7.06,0
US1434364006,2010-02-04T00:00:00,7.0,7.15,7.15,6.9,0
US1434364006,2010-02-05T00:00:00,6.87,7.0,7.02,6.76,0
US1434364006,2010-02-08T00:00:00,7.04,6.86,7.15,6.86,0
US1434364006,2010-02-09T00:00:00,7.08,7.15,7.17,7.04,0
US1434364006,2010-02-10T00:00:00,6.88,7.03,7.03,6.75,0
US1434364006,2010-02-11T00:00:00,7.05,6.85,7.11,6.74,0
US1434364006,2010-02-12T00:00:00,7.38,6.97,7.4,7.1,0
US1434364006,2010-02-16T00:00:00,7.65,7.43,7.7,7.39,0
US1434364006,2010-02-17T00:00:00,8.21,7.68,8.23,7.65,0
US1434364006,2010-02-18T00:00:00,8.35,8.21,8.4,8.05,0
US1434364006,2010-02-19T00:00:00,8.46,8.35,8.58,8.05,0
US1434364006,2010-02-22T00:00:00,8.65,8.51,8.68,8.42,0
US1434364006,2010-02-23T00:00:00,8.44,8.66,8.66,8.18,0
US1434364006,2010-02-24T00:00:00,8.23,8.46,8.5,8.02,0
US1434364006,2010-02-25T00:00:00,9.16,8.09,9.37,8.06,0
US1434364006,2010-02-26T00:00:00,9.1,9.15,9.28,8.86,0
US1434364006,2010-03-01T00:00:00,9.5,9.16,9.52,9.03,0
US1434364006,2010-03-02T00:00:00,10.24,10.35,10.78,10.22,0
US1434364006,2010-03-03T00:00:00,10.92,10.23,10.98,9.52,0
US1434364006,2010-03-04T00:00:00,10.79,10.89,10.94,10.64,0
US1434364006,2010-03-05T00:00:00,11.0,10.8,11.0,10.8,0
US1434364006,2010-03-08T00:00:00,12.0,11.25,12.1,11.25,0
US1434364006,2010-03-09T00:00:00,12.52,12.0,12.75,12.0,0
US1434364006,2010-03-10T00:00:00,12.97,12.5,13.12,12.21,0
US1434364006,2010-03-11T00:00:00,13.0,12.99,13.1,12.75,0
US1434364006,2010-03-12T00:00:00,12.78,13.0,13.05,12.7,0
US1434364006,2010-03-15T00:00:00,12.72,12.78,12.8,12.55,0
US1434364006,2010-03-16T00:00:00,12.71,12.79,12.93,12.5,0
US1434364006,2010-03-17T00:00:00,12.51,12.75,12.75,12.47,0
US1434364006,2010-03-18T00:00:00,12.58,12.5,12.92,12.5,0
US1434364006,2010-03-19T00:00:00,11.97,12.67,12.74,11.93,0
US1434364006,2010-03-22T00:00:00,11.9,12.09,12.09,11.68,0
US1434364006,2010-03-23T00:00:00,12.56,11.9,12.58,11.89,0
US1434364006,2010-03-24T00:00:00,12.5,12.53,12.8,12.31,0
US1434364006,2010-03-25T00:00:00,14.34,12.56,14.4,12.5,0
US1434364006,2010-03-26T00:00:00,14.86,14.25,14.98,13.97,0
US1434364006,2010-03-29T00:00:00,14.22,14.92,14.92,14.11,0
US1434364006,2010-03-30T00:00:00,14.0,14.28,14.51,13.99,0
US1434364006,2010-03-31T00:00:00,13.87,13.95,14.04,13.64,0
US1434364006,2010-04-01T00:00:00,14.65,13.91,14.77,13.87,0
US1434364006,2010-04-05T00:00:00,14.6,14.78,14.9,14.58,0
US1434364006,2010-04-06T00:00:00,15.46,14.53,15.5,14.47,0
US1434364006,2010-04-07T00:00:00,16.56,15.4,16.6,15.1,0
US1434364006,2010-04-08T00:00:00,16.51,15.81,16.74,14.84,0
US1434364006,2010-04-09T00:00:00,15.86,16.47,16.47,15.54,0
US1434364006,2010-04-12T00:00:00,15.86,15.86,16.4,15.73,0
US1434364006,2010-04-13T00:00:00,16.4,15.86,16.45,15.66,0
US1434364006,2010-04-14T00:00:00,17.01,16.54,17.03,16.46,0
US1434364006,2010-04-15T00:00:00,17.41,17.0,17.48,16.88,0
US1434364006,2010-04-16T00:00:00,17.36,17.38,17.67,17.31,0
US1434364006,2010-04-19T00:00:00,17.0,17.34,17.34,16.52,0
US1434364006,2010-04-20T00:00:00,18.2,17.05,18.37,17.05,0
US1434364006,2010-04-21T00:00:00,17.96,18.2,18.2,17.65,0
US1434364006,2010-04-22T00:00:00,17.68,17.8,17.8,16.87,0
US1434364006,2010-04-23T00:00:00,18.59,17.74,18.75,17.41,0
US1434364006,2010-04-26T00:00:00,18.57,18.47,19.0,17.95,0
US1434364006,2010-04-27T00:00:00,17.57,18.39,18.82,17.55,0
US1434364006,2010-04-28T00:00:00,17.16,17.55,17.71,16.79,0
US1434364006,2010-04-29T00:00:00,17.81,17.25,17.91,17.14,0
US1434364006,2010-04-30T00:00:00,16.78,17.65,17.65,16.77,0
US1434364006,2010-05-03T00:00:00,17.06,16.8,17.3,16.09,0
US1434364006,2010-05-04T00:00:00,14.16,15.59,15.77,12.91,0
US1434364006,2010-05-05T00:00:00,14.14,13.89,14.21,13.21,0
US1434364006,2010-05-06T00:00:00,13.32,13.99,14.2,11.25,0
US1434364006,2010-05-07T00:00:00,12.29,13.2,13.82,12.08,0
US1434364006,2010-05-10T00:00:00,14.03,12.75,14.28,12.63,0
US1434364006,2010-05-11T00:00:00,14.01,14.05,14.41,13.68,0
US1434364006,2010-05-12T00:00:00,14.65,14.02,14.66,14.04,0
US1434364006,2010-05-13T00:00:00,14.11,14.56,14.56,13.92,0
US1434364006,2010-05-14T00:00:00,13.55,14.04,14.18,13.32,0
US1434364006,2010-05-17T00:00:00,13.44,13.6,13.77,12.76,0
US1434364006,2010-05-18T00:00:00,12.31,13.64,13.64,12.29,0
US1434364006,2010-05-19T00:00:00,12.17,12.3,12.45,11.75,0
US1434364006,2010-05-20T00:00:00,11.04,11.72,11.97,11.02,0
US1434364006,2010-05-21T00:00:00,12.64,11.35,12.96,11.35,0
US1434364006,2010-05-24T00:00:00,11.09,12.49,12.87,11.02,0
US1434364006,2010-05-25T00:00:00,10.64,10.89,11.0,10.18,0
US1434364006,2010-05-26T00:00:00,10.98,10.72,11.39,10.72,0
US1434364006,2010-05-27T00:00:00,11.77,11.41,11.83,10.99,0
US1434364006,2010-05-28T00:00:00,11.1,11.7,11.78,10.73,0
US1434364006,2010-06-01T00:00:00,10.14,10.93,11.45,10.13,0
US1434364006,2010-06-02T00:00:00,9.81,10.18,10.58,9.64,0
US1434364006,2010-06-03T00:00:00,9.72,10.42,10.67,9.7,0
US1434364006,2010-06-04T00:00:00,9.2,9.28,9.85,9.14,0
US1434364006,2010-06-07T00:00:00,8.08,9.19,9.19,8.02,0
US1434364006,2010-06-08T00:00:00,7.87,8.09,8.47,7.74,0
US1434364006,2010-06-09T00:00:00,7.61,8.0,8.1,7.48,0
US1434364006,2010-06-10T00:00:00,7.85,7.83,8.02,7.69,0
US1434364006,2010-06-11T00:00:00,7.76,7.65,7.95,7.65,0
US1434364006,2010-06-14T00:00:00,6.96,7.72,7.72,6.69,0
US1434364006,2010-06-15T00:00:00,8.36,7.03,8.9,7.03,0
US1434364006,2010-06-16T00:00:00,8.37,8.18,8.52,8.0,0
US1434364006,2010-06-17T00:00:00,8.43,8.55,8.73,8.14,0
US1434364006,2010-06-18T00:00:00,8.71,8.5,8.92,8.37,0
US1434364006,2010-06-21T00:00:00,8.2,8.91,9.08,7.97,0
US1434364006,2010-06-22T00:00:00,7.94,8.2,8.31,7.77,0
US1434364006,2010-06-23T00:00:00,7.74,7.87,7.96,7.55,0
US1434364006,2010-06-24T00:00:00,7.26,7.65,7.72,7.25,0
US1434364006,2010-06-25T00:00:00,7.08,7.26,7.31,7.02,0
US1434364006,2010-06-28T00:00:00,6.71,7.01,7.3,6.7,0
US1434364006,2010-06-29T00:00:00,6.13,6.68,6.68,5.98,0
US1434364006,2010-06-30T00:00:00,6.06,6.1,6.28,5.8,0
US1434364006,2010-07-01T00:00:00,6.0,6.06,6.31,5.75,0
US1434364006,2010-07-02T00:00:00,6.07,6.04,6.17,5.9,0
US1434364006,2010-07-06T00:00:00,5.57,6.27,6.32,5.37,0
US1434364006,2010-07-07T00:00:00,6.59,5.72,6.62,5.72,0
US1434364006,2010-07-08T00:00:00,7.27,6.84,7.43,6.83,0
US1434364006,2010-07-09T00:00:00,7.24,7.48,7.72,7.14,0
US1434364006,2010-07-12T00:00:00,7.12,7.23,7.27,7.06,0
US1434364006,2010-07-13T00:00:00,7.66,7.16,7.7,7.15,0
US1434364006,2010-07-14T00:00:00,7.52,7.68,7.76,7.41,0
US1434364006,2010-07-15T00:00:00,6.94,7.55,7.55,6.77,0
US1434364006,2010-07-16T00:00:00,6.49,6.83,6.97,6.3,0
US1434364006,2010-07-19T00:00:00,6.81,6.48,7.0,6.35,0
US1434364006,2010-07-20T00:00:00,6.91,6.6,6.91,6.45,0
US1434364006,2010-07-21T00:00:00,6.66,7.09,7.34,6.63,0
US1434364006,2010-07-22T00:00:00,7.01,6.82,7.03,6.8,0
US1434364006,2010-07-23T00:00:00,7.62,6.98,7.65,6.81,0
US1434364006,2010-07-26T00:00:00,8.22,7.7,8.24,7.68,0
US1434364006,2010-07-27T00:00:00,8.12,8.32,8.49,8.06,0
US1434364006,2010-07-28T00:00:00,7.82,8.12,8.12,7.69,0
US1434364006,2010-07-29T00:00:00,7.63,7.89,8.18,7.58,0
US1434364006,2010-07-30T00:00:00,7.31,7.53,7.53,7.26,0
US1434364006,2010-08-02T00:00:00,7.55,7.51,7.77,7.46,0
US1434364006,2010-08-03T00:00:00,7.27,6.74,7.33,6.5,0
US1434364006,2010-08-04T00:00:00,7.13,7.27,7.42,7.06,0
US1434364006,2010-08-05T00:00:00,6.75,7.02,7.02,6.74,0
US1434364006,2010-08-06T00:00:00,6.72,6.64,6.85,6.48,0
US1434364006,2010-08-09T00:00:00,6.77,6.76,6.88,6.51,0
US1434364006,2010-08-10T00:00:00,6.71,6.63,6.8,6.5,0
US1434364006,2010-08-11T00:00:00,6.64,6.5,7.01,6.5,0
US1434364006,2010-08-12T00:00:00,6.53,6.49,6.59,6.45,0
US1434364006,2010-08-13T00:00:00,6.48,6.5,6.55,6.32,0
US1434364006,2010-08-16T00:00:00,6.47,6.38,6.78,6.33,0
US1434364006,2010-08-17T00:00:00,6.38,6.6,6.66,6.38,0
US1434364006,2010-08-18T00:00:00,6.44,6.35,6.56,6.3,0
US1434364006,2010-08-19T00:00:00,6.27,6.4,6.485,6.27,0
US1434364006,2010-08-20T00:00:00,6.2,6.25,6.27,6.0,0
US1434364006,2010-08-23T00:00:00,6.04,6.3,6.4,6.0,0
US1434364006,2010-08-24T00:00:00,5.86,6.0,6.22,5.8,0
US1434364006,2010-08-25T00:00:00,5.91,5.8,5.91,5.71,0
US1434364006,2010-08-26T00:00:00,5.8,6.0,6.08,5.76,0
US1434364006,2010-08-27T00:00:00,5.99,5.92,6.0,5.7,0
US1434364006,2010-08-30T00:00:00,6.03,5.92,6.09,5.8,0
US1434364006,2010-08-31T00:00:00,6.05,6.03,6.13,6.0,0
US1434364006,2010-09-01T00:00:00,6.35,6.25,6.35,6.1,0
US1434364006,2010-09-02T00:00:00,6.65,6.35,6.69,6.1,0
US1434364006,2010-09-03T00:00:00,6.93,6.77,7.0,6.71,0
US1434364006,2010-09-07T00:00:00,6.5,6.89,6.89,6.41,0
US1434364006,2010-09-08T00:00:00,6.54,6.51,6.68,6.4,0
US1434364006,2010-09-09T00:00:00,7.26,6.71,7.36,6.65,0
US1434364006,2010-09-10T00:00:00,7.22,7.06,7.37,6.93,0
US1434364006,2010-09-13T00:00:00,7.43,7.23,7.5,7.0,0
US1434364006,2010-09-14T00:00:00,7.33,7.45,7.62,7.32,0
US1434364006,2010-09-15T00:00:00,7.32,7.3,7.4,7.12,0
US1434364006,2010-09-16T00:00:00,7.31,7.26,7.33,7.18,0
US1434364006,2010-09-17T00:00:00,7.26,7.46,7.46,7.23,0
US1434364006,2010-09-20T00:00:00,7.62,7.27,7.63,7.26,0
US1434364006,2010-09-21T00:00:00,7.5,7.59,7.63,7.33,0
US1434364006,2010-09-22T00:00:00,7.39,7.48,7.57,7.33,0
US1434364006,2010-09-23T00:00:00,7.24,7.29,7.75,7.12,0
US1434364006,2010-09-24T00:00:00,7.49,7.41,7.65,7.37,0
US1434364006,2010-09-27T00:00:00,7.19,7.48,7.48,7.04,0
US1434364006,2010-09-28T00:00:00,7.96,7.75,8.45,7.71,0
US1434364006,2010-09-29T00:00:00,8.41,7.89,8.66,7.89,0
US1434364006,2010-09-30T00:00:00,8.72,8.5,8.82,8.3,0
US1434364006,2010-10-01T00:00:00,8.37,8.83,9.58,8.14,0
US1434364006,2010-10-04T00:00:00,8.76,8.35,8.93,8.35,0
US1434364006,2010-10-05T00:00:00,8.98,8.94,9.09,8.84,0
US1434364006,2010-10-06T00:00:00,8.99,8.92,9.16,8.92,0
US1434364006,2010-10-07T00:00:00,8.96,9.11,9.12,8.93,0
US1434364006,2010-10-08T00:00:00,8.57,8.63,8.89,8.44,0
US1434364006,2010-10-11T00:00:00,8.31,8.6,8.7,8.17,0
US1434364006,2010-10-12T00:00:00,8.31,8.25,8.41,8.17,0
US1434364006,2010-10-13T00:00:00,8.43,8.4,8.68,8.3,0
US1434364006,2010-10-14T00:00:00,8.49,8.46,8.53,8.38,0
US1434364006,2010-10-15T00:00:00,8.36,8.63,8.71,8.18,0
US1434364006,2010-10-18T00:00:00,8.66,8.41,8.72,8.27,0
US1434364006,2010-10-19T00:00:00,8.19,8.46,8.68,7.96,0
US1434364006,2010-10-20T00:00:00,8.31,8.27,8.36,8.15,0
US1434364006,2010-10-21T00:00:00,8.21,8.35,8.54,8.1,0
US1434364006,2010-10-22T00:00:00,8.36,8.23,8.36,8.21,0
US1434364006,2010-10-25T00:00:00,8.32,8.47,8.57,8.3,0
US1434364006,2010-10-26T00:00:00,8.56,8.3,8.66,8.12,0
US1434364006,2010-10-27T00:00:00,8.3,8.47,8.47,8.12,0
US1434364006,2010-10-28T00:00:00,8.14,8.35,8.48,8.1,0
US1434364006,2010-10-29T00:00:00,8.01,8.1,8.2,7.89,0
US1434364006,2010-11-01T00:00:00,7.95,8.02,8.15,7.78,0
US1434364006,2010-11-02T00:00:00,7.44,8.01,8.15,6.97,0
US1434364006,2010-11-03T00:00:00,7.43,7.43,7.56,7.32,0
US1434364006,2010-11-04T00:00:00,8.01,7.6,8.07,7.57,0
US1434364006,2010-11-05T00:00:00,8.24,8.06,8.35,7.85,0
US1434364006,2010-11-08T00:00:00,8.18,8.23,8.35,8.07,0
US1434364006,2010-11-09T00:00:00,8.09,8.2,8.26,8.09,0
US1434364006,2010-11-10T00:00:00,7.95,8.11,8.14,7.93,0
US1434364006,2010-11-11T00:00:00,7.54,7.83,7.92,7.49,0
US1434364006,2010-11-12T00:00:00,7.6,7.45,7.75,7.39,0
US1434364006,2010-11-15T00:00:00,7.54,7.67,7.86,7.48,0
US1434364006,2010-11-16T00:00:00,7.55,7.46,7.62,7.45,0
US1434364006,2010-11-17T00:00:00,7.46,7.6,7.63,7.4,0
US1434364006,2010-11-18T00:00:00,7.75,7.64,7.94,7.59,0
US1434364006,2010-11-19T00:00:00,7.98,7.7,8.03,7.54,0
US1434364006,2010-11-22T00:00:00,8.47,7.98,8.63,7.93,0
US1434364006,2010-11-23T00:00:00,8.28,8.32,8.44,8.2,0
US1434364006,2010-11-24T00:00:00,8.45,8.39,8.53,8.36,0
US1434364006,2010-11-26T00:00:00,8.4,8.36,8.45,8.35,0
US1434364006,2010-11-29T00:00:00,8.4,8.34,8.72,8.34,0
US1434364006,2010-11-30T00:00:00,8.39,8.29,8.45,8.29,0
US1434364006,2010-12-01T00:00:00,8.63,8.62,8.75,8.35,0
US1434364006,2010-12-02T00:00:00,9.04,8.67,9.22,8.62,0
US1434364006,2010-12-03T00:00:00,9.25,9.2,9.34,9.01,0
US1434364006,2010-12-06T00:00:00,9.45,9.26,9.79,9.26,0
US1434364006,2010-12-07T00:00:00,9.22,9.37,9.5,9.01,0
US1434364006,2010-12-08T00:00:00,9.12,9.23,9.35,9.03,0
US1434364006,2010-12-09T00:00:00,8.94,9.24,9.36,8.88,0
US1434364006,2010-12-10T00:00:00,8.9,8.93,9.05,8.79,0
US1434364006,2010-12-13T00:00:00,8.53,8.93,8.99,8.46,0
US1434364006,2010-12-14T00:00:00,8.51,8.59,8.59,8.44,0
US1434364006,2010-12-15T00:00:00,8.5,8.52,8.6,8.47,0
US1434364006,2010-12-16T00:00:00,8.61,8.56,8.62,8.37,0
US1434364006,2010-12-17T00:00:00,8.32,8.65,8.65,8.28,0
US1434364006,2010-12-20T00:00:00,8.13,8.38,8.4,8.13,0
US1434364006,2010-12-21T00:00:00,8.23,8.2,8.25,7.74,0
US1434364006,2010-12-22T00:00:00,8.49,8.23,8.54,8.23,0
US1434364006,2010-12-23T00:00:00,8.585,8.46,8.71,8.45,0
US1434364006,2010-12-27T00:00:00,8.19,8.52,8.53,8.09,0
US1434364006,2010-12-28T00:00:00,7.83,8.18,8.18,7.77,0
US1434364006,2010-12-29T00:00:00,7.67,7.7,7.83,7.63,0
US1434364006,2010-12-30T00:00:00,7.67,7.7,7.78,7.65,0
US1434364006,2010-12-31T00:00:00,7.72,7.66,7.97,7.66,0
US1434364006,2011-01-03T00:00:00,7.43,7.85,7.85,7.41,0
US1434364006,2011-01-04T00:00:00,7.38,7.42,7.42,7.01,0
US1434364006,2011-01-05T00:00:00,7.76,7.38,7.84,7.35,0
US1434364006,2011-01-06T00:00:00,7.8,7.78,8.03,7.73,0
US1434364006,2011-01-07T00:00:00,7.98,7.85,8.01,7.83,0
US1434364006,2011-01-10T00:00:00,7.87,7.94,7.95,7.81,0
US1434364006,2011-01-11T00:00:00,8.0,7.9,8.04,7.83,0
US1434364006,2011-01-12T00:00:00,7.77,8.11,8.11,7.63,0
US1434364006,2011-01-13T00:00:00,7.64,7.74,7.81,7.57,0
US1434364006,2011-01-14T00:00:00,7.7,7.58,7.78,7.58,0
US1434364006,2011-01-18T00:00:00,7.81,7.66,7.84,7.57,0
US1434364006,2011-01-19T00:00:00,7.57,7.78,7.82,7.56,0
US1434364006,2011-01-20T00:00:00,7.44,7.56,7.65,7.38,0
US1434364006,2011-01-21T00:00:00,7.37,7.51,7.53,7.36,0
US1434364006,2011-01-24T00:00:00,7.25,7.39,7.43,7.25,0
US1434364006,2011-01-25T00:00:00,7.31,7.24,7.38,7.13,0
US1434364006,2011-01-26T00:00:00,7.31,7.37,7.44,7.25,0
US1434364006,2011-01-27T00:00:00,7.16,7.27,7.35,7.08,0
US1434364006,2011-01-28T00:00:00,6.94,7.17,7.17,6.93,0
US1434364006,2011-01-31T00:00:00,6.54,6.92,6.92,6.54,0
US1434364006,2011-02-01T00:00:00,6.75,6.59,6.95,6.44,0
US1434364006,2011-02-02T00:00:00,6.7,6.7,6.81,6.57,0
US1434364006,2011-02-03T00:00:00,6.86,6.73,6.95,6.53,0
US1434364006,2011-02-04T00:00:00,6.78,6.88,6.89,6.54,0
US1434364006,2011-02-07T00:00:00,6.67,6.81,6.81,6.51,0
US1434364006,2011-02-08T00:00:00,7.02,6.72,7.02,6.54,0
US1434364006,2011-02-09T00:00:00,7.05,7.03,7.13,6.96,0
US1434364006,2011-02-10T00:00:00,7.29,7.05,7.38,7.05,0
US1434364006,2011-02-11T00:00:00,7.36,7.25,7.36,7.25,0
US1434364006,2011-02-14T00:00:00,7.4,7.35,7.45,7.24,0
US1434364006,2011-02-15T00:00:00,7.08,6.9,7.17,6.72,0
US1434364006,2011-02-16T00:00:00,7.14,7.11,7.26,7.04,0
US1434364006,2011-02-17T00:00:00,7.17,7.15,7.19,7.11,0
US1434364006,2011-02-18T00:00:00,7.23,7.2,7.24,7.18,0
US1434364006,2011-02-22T00:00:00,7.13,7.16,7.27,7.11,0
US1434364006,2011-02-23T00:00:00,7.1,7.16,7.19,7.02,0
US1434364006,2011-02-24T00:00:00,7.11,7.14,7.22,7.01,0
US1434364006,2011-02-25T00:00:00,7.2,7.18,7.2,7.06,0
US1434364006,2011-02-28T00:00:00,7.18,7.27,7.29,7.14,0
US1434364006,2011-03-01T00:00:00,7.0,7.2,7.2,7.0,0
US1434364006,2011-03-02T00:00:00,6.95,7.03,7.05,6.77,0
US1434364006,2011-03-03T00:00:00,6.9,7.01,7.03,6.8,0
US1434364006,2011-03-04T00:00:00,6.77,6.93,6.93,6.71,0
US1434364006,2011-03-07T00:00:00,6.62,6.67,6.98,6.46,0
US1434364006,2011-03-08T00:00:00,6.75,6.6,6.82,6.6,0
US1434364006,2011-03-09T00:00:00,7.75,7.55,7.95,7.12,0
US1434364006,2011-03-10T00:00:00,7.29,7.6,7.6,7.04,0
US1434364006,2011-03-11T00:00:00,7.34,7.2,7.46,7.08,0
US1434364006,2011-03-14T00:00:00,6.99,7.27,7.27,6.81,0
US1434364006,2011-03-15T00:00:00,6.9,6.76,6.95,6.51,0
US1434364006,2011-03-16T00:00:00,7.34,6.92,7.4,6.9,0
US1434364006,2011-03-17T00:00:00,7.39,7.39,7.6,7.06,0
US1434364006,2011-03-18T00:00:00,7.27,7.44,7.44,7.18,0
US1434364006,2011-03-21T00:00:00,7.18,7.37,7.37,7.17,0
US1434364006,2011-03-22T00:00:00,7.16,7.18,7.24,7.13,0
US1434364006,2011-03-23T00:00:00,7.26,7.13,7.34,7.05,0
US1434364006,2011-03-24T00:00:00,7.16,7.26,7.35,7.01,0
US1434364006,2011-03-25T00:00:00,7.26,7.2,7.34,7.15,0
US1434364006,2011-03-28T00:00:00,7.18,7.26,7.3,7.12,0
US1434364006,2011-03-29T00:00:00,7.11,7.15,7.18,7.02,0
US1434364006,2011-03-30T00:00:00,7.32,7.15,7.34,7.0,0
US1434364006,2011-03-31T00:00:00,7.15,7.31,7.31,7.12,0
US1434364006,2011-04-01T00:00:00,7.02,7.15,7.15,7.0,0
US1434364006,2011-04-04T00:00:00,6.94,7.04,7.06,6.82,0
US1434364006,2011-04-05T00:00:00,6.94,6.94,7.09,6.89,0
US1434364006,2011-04-06T00:00:00,7.02,7.0,7.21,7.0,0
US1434364006,2011-04-07T00:00:00,7.02,7.04,7.11,7.0,0
US1434364006,2011-04-08T00:00:00,7.0,7.07,7.11,7.0,0
US1434364006,2011-04-11T00:00:00,6.9,7.0,7.01,6.9,0
US1434364006,2011-04-12T00:00:00,6.81,6.86,6.91,6.78,0
US1434364006,2011-04-13T00:00:00,6.84,6.86,6.91,6.82,0
US1434364006,2011-04-14T00:00:00,7.0,6.79,7.03,6.75,0
US1434364006,2011-04-15T00:00:00,6.97,6.98,7.04,6.94,0
US1434364006,2011-04-18T00:00:00,6.8,6.86,6.86,6.67,0
US1434364006,2011-04-19T00:00:00,7.12,6.82,7.13,6.8,0
US1434364006,2011-04-20T00:00:00,7.06,7.24,7.24,6.95,0
US1434364006,2011-04-21T00:00:00,6.99,7.09,7.09,6.89,0
US1434364006,2011-04-25T00:00:00,7.04,6.96,7.08,6.96,0
US1434364006,2011-04-26T00:00:00,7.1,7.05,7.13,7.02,0
US1434364006,2011-04-27T00:00:00,7.14,7.08,7.18,7.08,0
US1434364006,2011-04-28T00:00:00,7.21,7.14,7.25,7.08,0
US1434364006,2011-04-29T00:00:00,7.26,7.24,7.29,7.1,0
US1434364006,2011-05-02T00:00:00,7.42,7.28,7.5,7.28,0
US1434364006,2011-05-03T00:00:00,7.49,7.42,7.7,7.42,0
US1434364006,2011-05-04T00:00:00,7.48,7.5,7.59,7.36,0
US1434364006,2011-05-05T00:00:00,7.49,7.44,7.58,7.39,0
US1434364006,2011-05-06T00:00:00,7.36,7.58,7.58,7.28,0
US1434364006,2011-05-09T00:00:00,7.65,7.35,7.68,7.35,0
US1434364006,2011-05-10T00:00:00,7.39,7.46,7.46,7.0,0
US1434364006,2011-05-11T00:00:00,7.04,7.41,7.41,7.0,0
US1434364006,2011-05-12T00:00:00,6.95,7.0,7.05,6.87,0
US1434364006,2011-05-13T00:00:00,6.9,6.97,7.0,6.81,0
US1434364006,2011-05-16T00:00:00,6.85,6.88,7.02,6.73,0
US1434364006,2011-05-17T00:00:00,6.85,6.81,6.97,6.8,0
US1434364006,2011-05-18T00:00:00,6.96,6.86,7.04,6.8,0
US1434364006,2011-05-19T00:00:00,7.055,7.0,7.21,7.0,0
US1434364006,2011-05-20T00:00:00,6.93,7.01,7.01,6.86,0
US1434364006,2011-05-23T00:00:00,6.9,6.8,6.94,6.8,0
US1434364006,2011-05-24T00:00:00,6.84,6.87,6.99,6.84,0
US1434364006,2011-05-25T00:00:00,6.88,6.83,6.97,6.74,0
US1434364006,2011-05-26T00:00:00,6.94,6.93,7.07,6.91,0
US1434364006,2011-05-27T00:00:00,7.03,7.0,7.06,6.89,0
US1434364006,2011-05-31T00:00:00,7.26,7.25,7.45,7.08,0
US1434364006,2011-06-01T00:00:00,7.2,7.22,7.29,7.08,0
US1434364006,2011-06-02T00:00:00,7.17,7.2,7.2,7.08,0
US1434364006,2011-06-03T00:00:00,6.9,7.12,7.19,6.85,0
US1434364006,2011-06-06T00:00:00,6.65,6.91,6.91,6.64,0
US1434364006,2011-06-07T00:00:00,6.53,6.72,6.8,6.53,0
US1434364006,2011-06-08T00:00:00,6.63,6.55,6.71,6.55,0
US1434364006,2011-06-09T00:00:00,6.7,6.68,6.77,6.64,0
US1434364006,2011-06-10T00:00:00,6.65,6.65,6.73,6.57,0
US1434364006,2011-06-13T00:00:00,6.63,6.65,6.71,6.52,0
US1434364006,2011-06-14T00:00:00,6.66,6.71,6.78,6.64,0
US1434364006,2011-06-15T00:00:00,6.66,6.6,6.79,6.6,0
US1434364006,2011-06-16T00:00:00,6.85,6.66,7.06,6.66,0
US1434364006,2011-06-17T00:00:00,6.86,6.9,6.97,6.69,0
US1434364006,2011-06-20T00:00:00,6.68,6.84,6.95,6.67,0
US1434364006,2011-06-21T00:00:00,6.82,6.74,6.89,6.74,0
US1434364006,2011-06-22T00:00:00,6.81,6.79,6.96,6.73,0
US1434364006,2011-06-23T00:00:00,6.82,6.73,6.91,6.66,0
US1434364006,2011-06-24T00:00:00,6.99,6.84,7.07,6.74,0
US1434364006,2011-06-27T00:00:00,6.94,7.06,7.06,6.74,0
US1434364006,2011-06-28T00:00:00,6.88,6.99,6.99,6.81,0
US1434364006,2011-06-29T00:00:00,6.98,6.93,7.04,6.83,0
US1434364006,2011-06-30T00:00:00,6.91,7.0,7.0,6.82,0
US1434364006,2011-07-01T00:00:00,6.88,6.93,6.94,6.79,0
US1434364006,2011-07-05T00:00:00,6.85,6.86,6.96,6.81,0
US1434364006,2011-07-06T00:00:00,6.94,6.83,6.97,6.77,0
US1434364006,2011-07-07T00:00:00,6.98,7.02,7.07,6.92,0
US1434364006,2011-07-08T00:00:00,6.97,6.86,7.0,6.81,0
US1434364006,2011-07-11T00:00:00,6.85,6.88,6.91,6.8,0
US1434364006,2011-07-12T00:00:00,6.72,6.81,6.87,6.66,0
US1434364006,2011-07-13T00:00:00,6.81,6.77,6.89,6.74,0
US1434364006,2011-07-14T00:00:00,6.72,6.85,6.89,6.64,0
US1434364006,2011-07-15T00:00:00,6.83,6.8,6.88,6.68,0
US1434364006,2011-07-18T00:00:00,6.69,6.81,6.89,6.65,0
US1434364006,2011-07-19T00:00:00,6.87,6.75,6.92,6.69,0
US1434364006,2011-07-20T00:00:00,6.71,6.9,6.9,6.62,0
US1434364006,2011-07-21T00:00:00,6.76,6.75,6.77,6.67,0
US1434364006,2011-07-22T00:00:00,6.69,6.75,6.75,6.62,0
US1434364006,2011-07-25T00:00:00,6.64,6.69,6.79,6.64,0
US1434364006,2011-07-26T00:00:00,6.48,6.63,6.67,6.41,0
US1434364006,2011-07-27T00:00:00,6.22,6.44,6.44,6.11,0
US1434364006,2011-07-28T00:00:00,6.16,6.19,6.23,6.07,0
US1434364006,2011-07-29T00:00:00,6.21,6.09,6.45,6.01,0
US1434364006,2011-08-01T00:00:00,6.21,6.29,6.44,6.07,0
US1434364006,2011-08-02T00:00:00,6.21,6.17,6.26,6.05,0
US1434364006,2011-08-03T00:00:00,6.26,6.22,6.31,6.17,0
US1434364006,2011-08-04T00:00:00,6.105,6.2,6.2,6.07,0
US1434364006,2011-08-05T00:00:00,5.985,6.16,6.2,5.73,0
US1434364006,2011-08-08T00:00:00,5.31,5.76,5.78,5.14,0
US1434364006,2011-08-09T00:00:00,6.31,5.84,6.59,5.52,0
US1434364006,2011-08-10T00:00:00,6.67,6.16,6.9,6.16,0
US1434364006,2011-08-11T00:00:00,6.8,6.65,6.89,6.58,0
US1434364006,2011-08-12T00:00:00,6.89,6.87,7.13,6.86,0
US1434364006,2011-08-15T00:00:00,6.95,7.03,7.19,6.79,0
US1434364006,2011-08-16T00:00:00,6.91,6.86,7.05,6.86,0
US1434364006,2011-08-17T00:00:00,6.61,7.02,7.02,6.57,0
US1434364006,2011-08-18T00:00:00,6.12,6.57,6.61,6.12,0
US1434364006,2011-08-19T00:00:00,6.0,6.04,6.37,5.78,0
US1434364006,2011-08-22T00:00:00,5.97,6.16,6.25,5.97,0
US1434364006,2011-08-23T00:00:00,6.18,6.02,6.22,6.02,0
US1434364006,2011-08-24T00:00:00,6.36,6.0,6.37,6.0,0
US1434364006,2011-08-25T00:00:00,6.3,6.41,6.47,6.23,0
US1434364006,2011-08-26T00:00:00,6.46,6.22,6.58,6.22,0
US1434364006,2011-08-29T00:00:00,6.84,6.56,6.84,6.52,0
US1434364006,2011-08-30T00:00:00,6.9,6.76,7.03,6.6,0
US1434364006,2011-08-31T00:00:00,7.08,6.97,7.1,6.93,0
US1434364006,2011-09-01T00:00:00,6.98,7.06,7.16,6.95,0
US1434364006,2011-09-02T00:00:00,6.9,6.8,6.95,6.64,0
US1434364006,2011-09-06T00:00:00,6.76,6.66,6.8,6.61,0
US1434364006,2011-09-07T00:00:00,6.9,6.89,7.04,6.87,0
US1434364006,2011-09-08T00:00:00,6.85,6.84,6.96,6.58,0
US1434364006,2011-09-09T00:00:00,6.8,6.74,6.88,6.62,0
US1434364006,2011-09-12T00:00:00,6.87,6.67,6.96,6.67,0
US1434364006,2011-09-13T00:00:00,6.84,6.87,6.92,6.73,0
US1434364006,2011-09-14T00:00:00,6.85,6.9,6.94,6.74,0
US1434364006,2011-09-15T00:00:00,6.87,6.93,6.94,6.83,0
US1434364006,2011-09-16T00:00:00,7.04,6.92,7.3,6.92,0
US1434364006,2011-09-19T00:00:00,7.1,6.88,7.13,6.88,0
US1434364006,2011-09-20T00:00:00,6.89,7.09,7.18,6.86,0
US1434364006,2011-09-21T00:00:00,6.85,6.93,7.01,6.78,0
US1434364006,2011-09-22T00:00:00,6.7,6.61,6.85,6.6,0
US1434364006,2011-09-23T00:00:00,6.74,6.85,6.85,6.64,0
US1434364006,2011-09-26T00:00:00,6.99,6.82,7.0,6.82,0
US1434364006,2011-09-27T00:00:00,6.96,7.09,7.15,6.96,0
US1434364006,2011-09-28T00:00:00,6.99,6.99,7.08,6.955,0
US1434364006,2011-09-29T00:00:00,7.0,7.14,7.14,6.95,0
US1434364006,2011-09-30T00:00:00,6.61,6.86,7.03,6.54,0
US1434364006,2011-10-03T00:00:00,5.75,6.52,6.6,5.71,0
US1434364006,2011-10-04T00:00:00,5.88,5.67,6.21,5.19,0
US1434364006,2011-10-05T00:00:00,6.09,5.92,6.17,5.73,0
US1434364006,2011-10-06T00:00:00,6.21,6.05,6.25,6.05,0
US1434364006,2011-10-07T00:00:00,6.11,6.26,6.26,5.86,0
US1434364006,2011-10-10T00:00:00,6.14,6.25,6.25,6.12,0
US1434364006,2011-10-11T00:00:00,6.2,6.07,6.28,5.95,0
US1434364006,2011-10-12T00:00:00,6.32,6.24,6.42,6.24,0
US1434364006,2011-10-13T00:00:00,6.3,6.28,6.33,6.23,0
US1434364006,2011-10-14T00:00:00,6.5,6.35,6.65,6.32,0
US1434364006,2011-10-17T00:00:00,6.35,6.48,6.48,6.29,0
US1434364006,2011-10-18T00:00:00,6.3,6.21,6.37,6.18,0
US1434364006,2011-10-19T00:00:00,6.27,6.22,6.31,6.22,0
US1434364006,2011-10-20T00:00:00,6.25,6.23,6.26,6.14,0
US1434364006,2011-10-21T00:00:00,6.28,6.3,6.33,6.2,0
US1434364006,2011-10-24T00:00:00,6.1,6.32,6.32,5.99,0
US1434364006,2011-10-25T00:00:00,5.91,6.06,6.09,5.9,0
US1434364006,2011-10-26T00:00:00,5.99,6.0,6.01,5.89,0
US1434364006,2011-10-27T00:00:00,6.15,6.12,6.4,6.0,0
US1434364006,2011-10-28T00:00:00,6.29,6.14,6.35,6.12,0
US1434364006,2011-10-31T00:00:00,6.48,5.88,6.75,5.85,0
US1434364006,2011-11-01T00:00:00,6.5,6.49,6.66,6.33,0
US1434364006,2011-11-02T00:00:00,6.6,6.55,6.75,6.41,0
US1434364006,2011-11-03T00:00:00,6.56,6.64,6.64,6.45,0
US1434364006,2011-11-04T00:00:00,6.52,6.7,6.7,6.45,0
US1434364006,2011-11-07T00:00:00,6.83,6.62,6.9,6.56,0
US1434364006,2011-11-08T00:00:00,7.35,6.84,7.42,6.84,0
US1434364006,2011-11-09T00:00:00,7.28,7.24,7.41,7.2,0
US1434364006,2011-11-10T00:00:00,7.51,7.36,7.83,7.11,0
US1434364006,2011-11-11T00:00:00,7.53,7.69,7.72,7.46,0
US1434364006,2011-11-14T00:00:00,7.56,7.5,7.63,7.49,0
US1434364006,2011-11-15T00:00:00,7.73,7.53,7.88,7.53,0
US1434364006,2011-11-16T00:00:00,7.58,7.67,7.87,7.53,0
US1434364006,2011-11-17T00:00:00,7.54,7.58,7.77,7.48,0
US1434364006,2011-11-18T00:00:00,7.54,7.59,7.62,7.48,0
US1434364006,2011-11-21T00:00:00,7.43,7.44,7.44,7.17,0
US1434364006,2011-11-22T00:00:00,7.31,7.4,7.4,7.27,0
US1434364006,2011-11-23T00:00:00,7.4,7.28,7.61,7.28,0
US1434364006,2011-11-25T00:00:00,7.45,7.36,7.49,7.36,0
US1434364006,2011-11-28T00:00:00,7.55,7.64,7.64,7.47,0
US1434364006,2011-11-29T00:00:00,7.57,7.515,7.62,7.37,0
US1434364006,2011-11-30T00:00:00,7.54,7.68,7.68,7.46,0
US1434364006,2011-12-01T00:00:00,7.41,7.5,7.56,7.36,0
US1434364006,2011-12-02T00:00:00,7.55,7.47,7.55,7.38,0
US1434364006,2011-12-05T00:00:00,7.35,7.61,7.62,7.3,0
US1434364006,2011-12-06T00:00:00,7.39,7.39,7.49,7.2,0
US1434364006,2011-12-07T00:00:00,7.385,7.4,7.45,7.26,0
US1434364006,2011-12-08T00:00:00,7.2,7.05,7.23,7.02,0
US1434364006,2011-12-09T00:00:00,7.43,7.25,7.49,7.25,0
US1434364006,2011-12-12T00:00:00,7.28,7.35,7.39,7.21,0
US1434364006,2011-12-13T00:00:00,7.34,7.28,7.44,7.095,0
US1434364006,2011-12-14T00:00:00,7.37,7.32,7.44,7.29,0
US1434364006,2011-12-15T00:00:00,7.37,7.45,7.49,7.37,0
US1434364006,2011-12-16T00:00:00,7.33,7.43,7.46,7.3,0
US1434364006,2011-12-19T00:00:00,6.97,7.36,7.36,6.94,0
US1434364006,2011-12-20T00:00:00,7.11,7.06,7.13,7.03,0
US1434364006,2011-12-21T00:00:00,7.14,7.045,7.16,7.045,0
US1434364006,2011-12-22T00:00:00,7.18,7.13,7.21,7.06,0
US1434364006,2011-12-23T00:00:00,7.09,7.14,7.14,7.02,0
US1434364006,2011-12-27T00:00:00,7.0,7.1,7.1,6.99,0
US1434364006,2011-12-28T00:00:00,6.91,7.0,7.06,6.82,0
US1434364006,2011-12-29T00:00:00,6.84,6.88,6.94,6.84,0
US1434364006,2011-12-30T00:00:00,6.88,6.8,6.9,6.8,0
US1434364006,2012-01-03T00:00:00,6.59,6.79,6.79,6.56,0
US1434364006,2012-01-04T00:00:00,6.265,6.58,6.58,6.21,0
US1434364006,2012-01-05T00:00:00,6.25,6.21,6.27,5.98,0
US1434364006,2012-01-06T00:00:00,6.47,6.26,6.48,6.23,0
US1434364006,2012-01-09T00:00:00,6.53,6.51,6.58,6.47,0
US1434364006,2012-01-10T00:00:00,6.74,6.59,6.75,6.49,0
US1434364006,2012-01-11T00:00:00,6.89,6.76,6.93,6.75,0
US1434364006,2012-01-12T00:00:00,7.14,6.91,7.14,6.91,0
US1434364006,2012-01-13T00:00:00,7.07,7.09,7.12,7.03,0
US1434364006,2012-01-17T00:00:00,7.0,7.1,7.11,6.98,0
US1434364006,2012-01-18T00:00:00,7.14,6.98,7.18,6.95,0
US1434364006,2012-01-19T00:00:00,7.32,7.25,7.35,7.2,0
US1434364006,2012-01-20T00:00:00,7.23,7.36,7.36,7.22,0
US1434364006,2012-01-23T00:00:00,7.27,7.25,7.29,7.1,0
US1434364006,2012-01-24T00:00:00,7.14,7.22,7.22,7.04,0
US1434364006,2012-01-25T00:00:00,7.06,7.14,7.14,6.92,0
US1434364006,2012-01-26T00:00:00,7.0,7.09,7.09,6.96,0
US1434364006,2012-01-27T00:00:00,7.01,6.8,7.04,6.8,0
US1434364006,2012-01-30T00:00:00,7.0,7.01,7.01,6.92,0
US1434364006,2012-01-31T00:00:00,7.12,7.04,7.13,6.93,0
US1434364006,2012-02-01T00:00:00,7.17,7.14,7.22,7.09,0
US1434364006,2012-02-02T00:00:00,7.13,7.21,7.21,7.07,0
US1434364006,2012-02-03T00:00:00,7.19,7.2,7.22,7.15,0
US1434364006,2012-02-06T00:00:00,7.3,7.14,7.37,7.12,0
US1434364006,2012-02-07T00:00:00,7.32,7.2,7.39,7.13,0
US1434364006,2012-02-08T00:00:00,7.43,7.34,7.47,7.33,0
US1434364006,2012-02-09T00:00:00,7.38,7.42,7.46,7.36,0
US1434364006,2012-02-10T00:00:00,7.35,7.17,7.42,7.17,0
US1434364006,2012-02-13T00:00:00,7.4,7.41,7.55,7.29,0
US1434364006,2012-02-14T00:00:00,7.45,7.42,7.54,7.4,0
US1434364006,2012-02-15T00:00:00,7.59,7.49,7.6,7.46,0
US1434364006,2012-02-16T00:00:00,7.54,7.6,7.6,7.52,0
US1434364006,2012-02-17T00:00:00,7.66,7.54,7.66,7.53,0
US1434364006,2012-02-21T00:00:00,7.47,7.65,7.75,7.47,0
US1434364006,2012-02-22T00:00:00,7.34,7.07,7.43,7.07,0
US1434364006,2012-02-23T00:00:00,7.39,7.32,7.39,7.32,0
US1434364006,2012-02-24T00:00:00,7.41,7.37,7.41,7.35,0
US1434364006,2012-02-27T00:00:00,7.42,7.47,7.48,7.41,0
US1434364006,2012-02-28T00:00:00,7.55,7.44,7.57,7.44,0
US1434364006,2012-02-29T00:00:00,7.53,7.54,7.55,7.48,0
US1434364006,2012-03-01T00:00:00,7.81,7.55,7.85,7.45,0
US1434364006,2012-03-02T00:00:00,7.71,7.82,7.82,7.71,0
US1434364006,2012-03-05T00:00:00,7.99,7.8,8.0,7.8,0
US1434364006,2012-03-06T00:00:00,7.96,7.98,8.0,7.87,0
US1434364006,2012-03-07T00:00:00,8.47,8.58,8.87,8.38,0
US1434364006,2012-03-08T00:00:00,8.37,8.4,8.66,8.35,0
US1434364006,2012-03-09T00:00:00,8.7,8.38,8.87,8.35,0
US1434364006,2012-03-12T00:00:00,9.1,8.7,9.36,8.55,0
US1434364006,2012-03-13T00:00:00,10.67,10.6,11.76,10.18,0
US1434364006,2012-03-14T00:00:00,10.39,10.52,10.84,10.34,0
US1434364006,2012-03-15T00:00:00,10.91,10.42,11.08,10.42,0
US1434364006,2012-03-16T00:00:00,11.41,10.98,11.7,10.98,0
US1434364006,2012-03-19T00:00:00,12.07,11.76,12.09,11.57,0
US1434364006,2012-03-20T00:00:00,12.58,12.07,12.79,11.97,0
US1434364006,2012-03-21T00:00:00,12.52,12.61,12.95,12.39,0
US1434364006,2012-03-22T00:00:00,12.76,12.44,12.87,12.2,0
US1434364006,2012-03-23T00:00:00,13.1,12.81,13.16,12.81,0
US1434364006,2012-03-26T00:00:00,13.45,13.3,13.62,13.29,0
US1434364006,2012-03-27T00:00:00,13.7,13.5,13.74,13.38,0
US1434364006,2012-03-28T00:00:00,13.5,13.57,13.82,13.31,0
US1434364006,2012-03-29T00:00:00,14.02,13.38,14.09,13.24,0
US1434364006,2012-03-30T00:00:00,13.95,14.2,14.2,13.8,0
US1434364006,2012-04-02T00:00:00,14.6,14.14,14.75,13.91,0
US1434364006,2012-04-03T00:00:00,14.5,14.91,14.92,14.45,0
US1434364006,2012-04-04T00:00:00,14.53,14.71,14.71,14.36,0
US1434364006,2012-04-05T00:00:00,13.31,13.01,13.89,12.85,0
US1434364006,2012-04-09T00:00:00,13.56,13.26,13.75,13.08,0
US1434364006,2012-04-10T00:00:00,13.41,13.74,13.77,13.31,0
US1434364006,2012-04-11T00:00:00,13.3,13.5,13.58,13.2,0
US1434364006,2012-04-12T00:00:00,13.45,13.32,13.72,13.32,0
US1434364006,2012-04-13T00:00:00,13.27,13.33,13.68,13.24,0
US1434364006,2012-04-16T00:00:00,13.02,12.98,13.15,12.4,0
US1434364006,2012-04-17T00:00:00,13.26,13.02,13.49,13.02,0
US1434364006,2012-04-18T00:00:00,13.1,13.2,13.23,12.98,0
US1434364006,2012-04-19T00:00:00,12.82,13.02,13.21,12.77,0
US1434364006,2012-04-20T00:00:00,12.76,12.88,13.15,12.7,0
US1434364006,2012-04-23T00:00:00,12.75,12.61,12.82,12.25,0
US1434364006,2012-04-24T00:00:00,13.1,12.92,13.15,12.75,0
US1434364006,2012-04-25T00:00:00,13.25,13.15,13.35,13.14,0
US1434364006,2012-04-26T00:00:00,13.26,13.33,13.49,13.19,0
US1434364006,2012-04-27T00:00:00,13.25,13.33,13.44,13.22,0
US1434364006,2012-04-30T00:00:00,13.33,13.13,13.33,13.13,0
US1434364006,2012-05-01T00:00:00,13.8,13.35,13.9,13.35,0
US1434364006,2012-05-02T00:00:00,14.04,14.0,14.44,13.98,0
US1434364006,2012-05-03T00:00:00,14.05,14.14,14.19,13.84,0
US1434364006,2012-05-04T00:00:00,14.09,13.93,14.2,13.92,0
US1434364006,2012-05-07T00:00:00,14.7,14.09,14.97,14.09,0
US1434364006,2012-05-08T00:00:00,15.63,15.39,15.63,14.38,0
US1434364006,2012-05-09T00:00:00,15.39,15.45,15.66,15.14,0
US1434364006,2012-05-10T00:00:00,15.4,15.52,15.8,15.37,0
US1434364006,2012-05-11T00:00:00,15.27,15.26,15.6,15.17,0
US1434364006,2012-05-14T00:00:00,15.02,15.15,15.44,14.87,0
US1434364006,2012-05-15T00:00:00,15.35,15.09,15.6,15.02,0
US1434364006,2012-05-16T00:00:00,15.25,15.36,15.59,15.23,0
US1434364006,2012-05-17T00:00:00,14.5,15.25,15.31,14.43,0
US1434364006,2012-05-18T00:00:00,14.3,14.49,14.6,14.18,0
US1434364006,2012-05-21T00:00:00,14.82,14.39,14.97,14.38,0
US1434364006,2012-05-22T00:00:00,14.37,14.8,14.97,14.35,0
US1434364006,2012-05-23T00:00:00,14.2,14.13,14.32,13.98,0
US1434364006,2012-05-24T00:00:00,14.55,14.1,14.7,14.1,0
US1434364006,2012-05-25T00:00:00,14.4,14.57,14.59,14.31,0
US1434364006,2012-05-29T00:00:00,14.22,14.46,14.46,13.77,0
US1434364006,2012-05-30T00:00:00,14.29,14.13,14.38,13.87,0
US1434364006,2012-05-31T00:00:00,14.14,14.34,14.4,13.92,0
US1434364006,2012-06-01T00:00:00,13.39,13.93,13.98,13.32,0
US1434364006,2012-06-04T00:00:00,13.24,13.4,13.46,12.87,0
US1434364006,2012-06-05T00:00:00,13.06,13.06,13.46,12.81,0
US1434364006,2012-06-06T00:00:00,13.38,13.19,13.39,13.16,0
US1434364006,2012-06-07T00:00:00,13.365,13.49,13.58,13.23,0
US1434364006,2012-06-08T00:00:00,13.81,13.4,13.82,13.27,0
US1434364006,2012-06-11T00:00:00,13.36,14.05,14.06,13.31,0
US1434364006,2012-06-12T00:00:00,13.91,13.37,13.91,13.06,0
US1434364006,2012-06-13T00:00:00,13.46,13.74,13.97,13.11,0
US1434364006,2012-06-14T00:00:00,13.64,13.42,13.81,13.31,0
US1434364006,2012-06-15T00:00:00,13.7,13.69,13.79,13.6,0
US1434364006,2012-06-18T00:00:00,13.82,13.65,14.11,13.55,0
US1434364006,2012-06-19T00:00:00,13.68,13.92,14.03,13.67,0
US1434364006,2012-06-20T00:00:00,13.53,13.71,13.71,13.15,0
US1434364006,2012-06-21T00:00:00,13.37,13.55,13.55,13.21,0
US1434364006,2012-06-22T00:00:00,13.4,13.44,13.53,13.25,0
US1434364006,2012-06-25T00:00:00,13.77,13.3,13.9,13.3,0
US1434364006,2012-06-26T00:00:00,13.87,13.74,14.03,13.61,0
US1434364006,2012-06-27T00:00:00,14.15,13.92,14.39,13.92,0
US1434364006,2012-06-28T00:00:00,14.14,14.09,14.22,13.71,0
US1434364006,2012-06-29T00:00:00,14.65,14.38,14.69,14.16,0
US1434364006,2012-07-02T00:00:00,15.1,14.68,15.15,14.67,0
US1434364006,2012-07-03T00:00:00,14.71,15.14,15.14,14.6,0
US1434364006,2012-07-05T00:00:00,14.65,14.74,15.04,14.56,0
US1434364006,2012-07-06T00:00:00,14.73,14.53,14.95,14.46,0
US1434364006,2012-07-09T00:00:00,14.65,14.74,14.85,14.6,0
US1434364006,2012-07-10T00:00:00,14.72,14.79,14.79,14.45,0
US1434364006,2012-07-11T00:00:00,15.23,14.71,15.55,14.66,0
US1434364006,2012-07-12T00:00:00,14.89,15.13,15.13,14.48,0
US1434364006,2012-07-13T00:00:00,15.06,14.89,15.09,14.67,0
US1434364006,2012-07-16T00:00:00,14.96,15.0,15.1,14.84,0
US1434364006,2012-07-17T00:00:00,15.23,14.96,15.57,14.86,0
US1434364006,2012-07-18T00:00:00,15.01,15.21,15.4,14.91,0
US1434364006,2012-07-19T00:00:00,14.82,15.03,15.22,14.82,0
US1434364006,2012-07-20T00:00:00,14.48,14.74,15.21,14.46,0
US1434364006,2012-07-23T00:00:00,13.99,14.07,14.1,13.54,0
US1434364006,2012-07-24T00:00:00,13.36,14.03,14.03,13.3,0
US1434364006,2012-07-25T00:00:00,13.5,13.47,13.61,13.3,0
US1434364006,2012-07-26T00:00:00,13.67,13.69,13.76,13.41,0
US1434364006,2012-07-27T00:00:00,14.35,13.75,14.39,13.69,0
US1434364006,2012-07-30T00:00:00,13.99,14.59,14.6,13.83,0
US1434364006,2012-07-31T00:00:00,13.9,13.96,14.53,13.87,0
US1434364006,2012-08-01T00:00:00,13.73,13.98,14.12,13.73,0
US1434364006,2012-08-02T00:00:00,13.18,13.88,14.38,12.59,0
US1434364006,2012-08-03T00:00:00,14.47,13.41,14.54,13.41,0
US1434364006,2012-08-06T00:00:00,13.69,14.41,14.41,13.63,0
US1434364006,2012-08-07T00:00:00,13.31,13.71,13.71,13.15,0
US1434364006,2012-08-08T00:00:00,13.42,13.23,13.45,13.09,0
US1434364006,2012-08-09T00:00:00,13.18,13.34,13.4,13.0,0
US1434364006,2012-08-10T00:00:00,13.09,13.15,13.2,12.98,0
US1434364006,2012-08-13T00:00:00,13.16,13.13,13.34,12.95,0
US1434364006,2012-08-14T00:00:00,13.02,13.2,13.2,12.8,0
US1434364006,2012-08-15T00:00:00,12.8,12.93,12.93,12.75,0
US1434364006,2012-08-16T00:00:00,13.03,12.81,13.29,12.76,0
US1434364006,2012-08-17T00:00:00,12.97,13.01,13.18,12.85,0
US1434364006,2012-08-20T00:00:00,12.9,12.92,12.95,12.81,0
US1434364006,2012-08-21T00:00:00,12.76,12.95,13.0,12.7,0
US1434364006,2012-08-22T00:00:00,12.6,12.71,12.83,12.57,0
US1434364006,2012-08-23T00:00:00,12.28,12.56,12.57,12.24,0
US1434364006,2012-08-24T00:00:00,12.3,12.25,12.32,12.1,0
US1434364006,2012-08-27T00:00:00,12.36,12.3,12.39,12.08,0
US1434364006,2012-08-28T00:00:00,12.18,12.33,12.38,12.17,0
US1434364006,2012-08-29T00:00:00,12.08,12.2,12.27,11.91,0
US1434364006,2012-08-30T00:00:00,11.89,11.94,11.98,11.71,0
US1434364006,2012-08-31T00:00:00,11.5,11.99,11.99,11.33,0
US1434364006,2012-09-04T00:00:00,12.08,11.67,12.96,11.67,0
US1434364006,2012-09-05T00:00:00,12.23,12.1,12.48,12.1,0
US1434364006,2012-09-06T00:00:00,12.27,12.29,12.54,12.0,0
US1434364006,2012-09-07T00:00:00,12.56,12.29,12.68,12.24,0
US1434364006,2012-09-10T00:00:00,12.225,12.51,12.52,12.21,0
US1434364006,2012-09-11T00:00:00,12.33,12.27,12.34,12.11,0
US1434364006,2012-09-12T00:00:00,12.68,12.39,12.72,12.34,0
US1434364006,2012-09-13T00:00:00,12.79,12.7,12.91,12.66,0
US1434364006,2012-09-14T00:00:00,12.45,12.78,12.82,12.38,0
US1434364006,2012-09-17T00:00:00,12.16,12.4,12.4,11.91,0
US1434364006,2012-09-18T00:00:00,12.22,12.15,12.24,11.58,0
US1434364006,2012-09-19T00:00:00,12.6,12.25,12.73,12.17,0
US1434364006,2012-09-20T00:00:00,12.43,12.45,12.62,12.27,0
US1434364006,2012-09-21T00:00:00,12.43,12.59,12.69,12.4,0
US1434364006,2012-09-24T00:00:00,12.05,12.35,12.39,11.98,0
US1434364006,2012-09-25T00:00:00,11.76,12.12,12.34,11.69,0
US1434364006,2012-09-26T00:00:00,11.42,11.8,11.8,11.29,0
US1434364006,2012-09-27T00:00:00,11.54,11.48,11.59,11.38,0
US1434364006,2012-09-28T00:00:00,11.25,11.4,11.4,11.06,0
US1434364006,2012-10-01T00:00:00,12.08,11.3,12.35,11.15,0
US1434364006,2012-10-02T00:00:00,11.98,12.14,12.15,11.74,0
US1434364006,2012-10-03T00:00:00,12.07,11.96,12.48,11.83,0
US1434364006,2012-10-04T00:00:00,12.23,12.14,12.32,12.0,0
US1434364006,2012-10-05T00:00:00,12.28,12.29,12.46,12.06,0
US1434364006,2012-10-08T00:00:00,12.32,12.23,12.48,12.15,0
US1434364006,2012-10-09T00:00:00,12.19,12.26,12.35,12.03,0
US1434364006,2012-10-10T00:00:00,12.39,12.23,12.41,11.99,0
US1434364006,2012-10-11T00:00:00,12.35,12.46,12.75,12.04,0
US1434364006,2012-10-12T00:00:00,12.24,12.39,12.39,12.06,0
US1434364006,2012-10-15T00:00:00,12.21,12.25,12.25,12.07,0
US1434364006,2012-10-16T00:00:00,12.36,12.34,12.38,12.09,0
US1434364006,2012-10-17T00:00:00,12.57,12.42,12.62,12.37,0
US1434364006,2012-10-18T00:00:00,12.48,12.56,12.56,12.34,0
US1434364006,2012-10-19T00:00:00,12.56,12.4,12.62,12.3,0
US1434364006,2012-10-22T00:00:00,13.22,12.9,13.3,12.61,0
US1434364006,2012-10-23T00:00:00,13.18,13.1,13.27,12.85,0
US1434364006,2012-10-24T00:00:00,13.15,13.36,13.36,12.95,0
US1434364006,2012-10-25T00:00:00,13.08,13.27,13.27,12.76,0
US1434364006,2012-10-26T00:00:00,13.06,13.1,13.22,12.77,0
US1434364006,2012-10-31T00:00:00,13.62,12.96,13.7,12.95,0
US1434364006,2012-11-01T00:00:00,13.4,13.64,13.84,12.78,0
US1434364006,2012-11-02T00:00:00,13.47,13.41,13.88,13.2,0
US1434364006,2012-11-05T00:00:00,13.65,13.46,13.88,13.31,0
US1434364006,2012-11-06T00:00:00,14.1,13.66,14.14,13.51,0
US1434364006,2012-11-07T00:00:00,13.89,13.93,14.23,13.7,0
US1434364006,2012-11-08T00:00:00,14.02,13.89,14.31,13.89,0
US1434364006,2012-11-09T00:00:00,14.04,13.91,14.09,13.9,0
US1434364006,2012-11-12T00:00:00,14.46,14.1,14.49,14.1,0
US1434364006,2012-11-13T00:00:00,14.41,14.34,14.53,14.26,0
US1434364006,2012-11-14T00:00:00,14.12,14.43,14.47,14.02,0
US1434364006,2012-11-15T00:00:00,13.93,14.08,14.19,13.85,0
US1434364006,2012-11-16T00:00:00,14.55,13.92,14.56,13.84,0
US1434364006,2012-11-19T00:00:00,14.89,14.74,15.06,14.6,0
US1434364006,2012-11-20T00:00:00,14.74,14.91,14.94,14.57,0
US1434364006,2012-11-21T00:00:00,14.66,14.81,14.88,14.655,0
US1434364006,2012-11-23T00:00:00,14.7,14.74,14.74,14.57,0
US1434364006,2012-11-26T00:00:00,14.77,14.7,14.83,14.67,0
US1434364006,2012-11-27T00:00:00,14.8,14.76,14.93,14.73,0
US1434364006,2012-11-28T00:00:00,15.0,14.8,15.19,14.79,0
US1434364006,2012-11-29T00:00:00,15.21,15.1,15.3,14.92,0
US1434364006,2012-11-30T00:00:00,15.12,15.27,15.32,14.95,0
US1434364006,2012-12-03T00:00:00,14.94,15.2,15.23,14.84,0
US1434364006,2012-12-04T00:00:00,14.75,14.95,14.95,14.53,0
US1434364006,2012-12-05T00:00:00,14.56,14.8,14.8,14.56,0
US1434364006,2012-12-06T00:00:00,14.2,14.57,14.57,14.17,0
US1434364006,2012-12-07T00:00:00,13.94,14.23,14.23,13.84,0
US1434364006,2012-12-10T00:00:00,13.81,13.97,14.05,13.69,0
US1434364006,2012-12-11T00:00:00,13.84,13.91,14.0,13.68,0
US1434364006,2012-12-12T00:00:00,13.67,13.86,13.86,13.45,0
US1434364006,2012-12-13T00:00:00,13.78,13.67,13.78,13.59,0
US1434364006,2012-12-14T00:00:00,13.54,13.75,13.78,13.49,0
US1434364006,2012-12-17T00:00:00,13.42,13.58,13.77,13.27,0
US1434364006,2012-12-18T00:00:00,13.73,13.45,13.99,13.45,0
US1434364006,2012-12-19T00:00:00,13.9,13.72,14.04,13.64,0
US1434364006,2012-12-20T00:00:00,14.05,13.9,14.15,13.88,0
US1434364006,2012-12-21T00:00:00,14.06,13.91,14.09,13.83,0
US1434364006,2012-12-24T00:00:00,14.13,14.1,14.18,14.0,0
US1434364006,2012-12-26T00:00:00,14.23,14.15,14.33,14.09,0
US1434364006,2012-12-27T00:00:00,14.55,14.29,14.575,14.17,0
US1434364006,2012-12-28T00:00:00,14.52,14.48,14.67,14.48,0
US1434364006,2012-12-31T00:00:00,15.0,14.54,15.08,14.48,0
US1434364006,2013-01-02T00:00:00,15.48,15.38,15.56,14.96,0
US1434364006,2013-01-03T00:00:00,15.97,15.51,16.04,15.47,0
US1434364006,2013-01-04T00:00:00,16.01,16.08,16.13,15.79,0
US1434364006,2013-01-07T00:00:00,16.09,15.94,16.18,15.73,0
US1434364006,2013-01-08T00:00:00,15.81,16.03,16.18,15.73,0
US1434364006,2013-01-09T00:00:00,15.71,15.87,15.91,15.68,0
US1434364006,2013-01-10T00:00:00,15.72,15.82,15.82,15.62,0
US1434364006,2013-01-11T00:00:00,15.65,15.78,15.89,15.63,0
US1434364006,2013-01-14T00:00:00,15.73,16.19,16.19,15.36,0
US1434364006,2013-01-15T00:00:00,15.33,15.68,15.73,15.29,0
US1434364006,2013-01-16T00:00:00,15.26,15.38,15.58,15.06,0
US1434364006,2013-01-17T00:00:00,15.42,15.35,15.77,15.32,0
US1434364006,2013-01-18T00:00:00,15.42,15.39,15.51,15.21,0
US1434364006,2013-01-22T00:00:00,15.26,15.43,15.46,15.03,0
US1434364006,2013-01-23T00:00:00,15.12,15.21,15.25,15.06,0
US1434364006,2013-01-24T00:00:00,15.58,15.11,15.59,15.11,0
US1434364006,2013-01-25T00:00:00,16.47,15.67,16.53,15.66,0
US1434364006,2013-01-28T00:00:00,16.41,16.58,16.58,16.13,0
US1434364006,2013-01-29T00:00:00,15.96,16.35,16.39,15.81,0
US1434364006,2013-01-30T00:00:00,15.89,15.96,16.19,15.84,0
US1434364006,2013-01-31T00:00:00,15.95,15.88,16.07,15.88,0
US1434364006,2013-02-01T00:00:00,16.54,16.04,16.63,16.04,0
US1434364006,2013-02-04T00:00:00,16.41,16.42,16.52,16.3,0
US1434364006,2013-02-05T00:00:00,16.29,16.45,16.59,16.25,0
US1434364006,2013-02-06T00:00:00,16.52,16.29,16.56,16.18,0
US1434364006,2013-02-07T00:00:00,16.69,16.58,16.71,16.18,0
US1434364006,2013-02-08T00:00:00,16.87,16.69,16.91,16.69,0
US1434364006,2013-02-11T00:00:00,16.87,16.83,16.88,16.16,0
US1434364006,2013-02-12T00:00:00,16.97,16.91,17.0,16.81,0
US1434364006,2013-02-13T00:00:00,17.04,17.03,17.12,16.81,0
US1434364006,2013-02-14T00:00:00,16.99,16.98,17.155,16.84,0
US1434364006,2013-02-15T00:00:00,16.97,17.09,17.09,16.91,0
US1434364006,2013-02-19T00:00:00,16.99,17.07,17.15,16.75,0
US1434364006,2013-02-20T00:00:00,16.49,17.0,17.07,16.49,0
US1434364006,2013-02-21T00:00:00,16.27,16.49,16.5,15.91,0
US1434364006,2013-02-22T00:00:00,16.25,16.41,16.41,16.17,0
US1434364006,2013-02-25T00:00:00,15.65,16.21,16.21,15.6,0
US1434364006,2013-02-26T00:00:00,15.35,15.68,15.79,15.35,0
US1434364006,2013-02-27T00:00:00,15.68,15.31,15.68,15.16,0
US1434364006,2013-02-28T00:00:00,15.66,15.64,15.91,15.52,0
US1434364006,2013-03-01T00:00:00,16.07,15.57,16.21,15.57,0
US1434364006,2013-03-04T00:00:00,15.495,15.48,15.65,14.98,0
US1434364006,2013-03-05T00:00:00,15.6,15.52,15.72,15.31,0
US1434364006,2013-03-06T00:00:00,15.9,15.69,16.05,15.64,0
US1434364006,2013-03-07T00:00:00,15.77,15.95,15.98,15.685,0
US1434364006,2013-03-08T00:00:00,15.78,15.91,15.91,15.65,0
US1434364006,2013-03-11T00:00:00,15.5,15.69,15.69,15.44,0
US1434364006,2013-03-12T00:00:00,15.39,15.485,15.495,15.29,0
US1434364006,2013-03-13T00:00:00,15.86,15.35,16.0,15.35,0
US1434364006,2013-03-14T00:00:00,15.92,15.92,15.98,15.795,0
US1434364006,2013-03-15T00:00:00,16.63,17.83,17.83,16.5,0
US1434364006,2013-03-18T00:00:00,17.75,16.64,17.82,16.63,0
US1434364006,2013-03-19T00:00:00,18.27,17.75,18.29,17.68,0
US1434364006,2013-03-20T00:00:00,18.42,18.39,18.47,18.12,0
US1434364006,2013-03-21T00:00:00,18.25,18.28,18.43,17.995,0
US1434364006,2013-03-22T00:00:00,18.25,18.34,18.34,18.01,0
US1434364006,2013-03-25T00:00:00,18.31,18.34,18.46,18.06,0
US1434364006,2013-03-26T00:00:00,18.45,18.42,18.85,18.08,0
US1434364006,2013-03-27T00:00:00,18.22,18.3,18.35,18.04,0
US1434364006,2013-03-28T00:00:00,18.12,18.27,18.48,18.12,0
US1434364006,2013-04-01T00:00:00,18.29,18.2,18.45,18.15,0
US1434364006,2013-04-02T00:00:00,18.14,18.39,18.39,18.0,0
US1434364006,2013-04-03T00:00:00,17.46,18.12,18.25,17.39,0
US1434364006,2013-04-04T00:00:00,17.37,17.45,17.52,17.14,0
US1434364006,2013-04-05T00:00:00,17.61,17.13,17.66,16.81,0
US1434364006,2013-04-08T00:00:00,17.71,17.62,17.71,17.18,0
US1434364006,2013-04-09T00:00:00,17.17,17.77,17.78,17.17,0
US1434364006,2013-04-10T00:00:00,17.34,17.27,17.39,17.2,0
US1434364006,2013-04-11T00:00:00,17.38,17.32,17.47,17.2,0
US1434364006,2013-04-12T00:00:00,17.6,17.4,17.61,17.33,0
US1434364006,2013-04-15T00:00:00,17.01,17.63,17.88,16.66,0
US1434364006,2013-04-16T00:00:00,16.95,17.08,17.28,16.88,0
US1434364006,2013-04-17T00:00:00,16.21,16.78,16.87,16.13,0
US1434364006,2013-04-18T00:00:00,15.68,16.27,16.27,15.44,0
US1434364006,2013-04-19T00:00:00,16.29,15.66,16.42,15.64,0
US1434364006,2013-04-22T00:00:00,16.31,16.4,16.82,15.95,0
US1434364006,2013-04-23T00:00:00,16.49,16.24,16.53,16.24,0
US1434364006,2013-04-24T00:00:00,16.75,16.55,16.86,16.35,0
US1434364006,2013-04-25T00:00:00,17.02,17.13,17.34,16.75,0
US1434364006,2013-04-26T00:00:00,17.17,17.0,17.25,16.9,0
US1434364006,2013-04-29T00:00:00,17.47,17.33,17.5,17.2,0
US1434364006,2013-04-30T00:00:00,17.56,17.51,17.58,17.3,0
US1434364006,2013-05-01T00:00:00,16.89,17.45,17.45,16.88,0
US1434364006,2013-05-02T00:00:00,17.26,16.91,17.47,16.91,0
US1434364006,2013-05-03T00:00:00,17.35,17.47,17.56,17.23,0
US1434364006,2013-05-06T00:00:00,17.62,17.35,17.625,17.22,0
US1434364006,2013-05-07T00:00:00,17.13,18.11,18.19,16.7,0
US1434364006,2013-05-08T00:00:00,17.09,17.03,17.28,16.89,0
US1434364006,2013-05-09T00:00:00,16.79,17.12,17.12,16.77,0
US1434364006,2013-05-10T00:00:00,16.78,16.9,16.98,16.77,0
US1434364006,2013-05-13T00:00:00,16.19,16.67,16.67,16.16,0
US1434364006,2013-05-14T00:00:00,16.68,16.14,16.7,16.14,0
US1434364006,2013-05-15T00:00:00,16.56,16.66,16.67,16.49,0
US1434364006,2013-05-16T00:00:00,16.52,16.75,16.75,16.43,0
US1434364006,2013-05-17T00:00:00,16.97,16.67,17.0,16.55,0
US1434364006,2013-05-20T00:00:00,16.77,16.97,17.07,16.71,0
US1434364006,2013-05-21T00:00:00,17.0,16.78,17.0,16.62,0
US1434364006,2013-05-22T00:00:00,17.25,17.0,17.58,17.0,0
US1434364006,2013-05-23T00:00:00,17.5,17.15,17.54,16.98,0
US1434364006,2013-05-24T00:00:00,17.65,17.36,17.73,17.35,0
US1434364006,2013-05-28T00:00:00,17.87,17.92,18.19,17.66,0
US1434364006,2013-05-29T00:00:00,17.71,17.765,17.88,17.52,0
US1434364006,2013-05-30T00:00:00,18.18,17.88,18.3,17.84,0
US1434364006,2013-05-31T00:00:00,17.72,18.13,18.13,17.63,0
US1434364006,2013-06-03T00:00:00,18.2,17.71,18.5,17.71,0
US1434364006,2013-06-04T00:00:00,17.99,18.25,18.31,17.79,0
US1434364006,2013-06-05T00:00:00,17.83,17.9,18.06,17.8,0
US1434364006,2013-06-06T00:00:00,17.73,17.81,18.03,17.53,0
US1434364006,2013-06-07T00:00:00,17.87,17.87,17.935,17.69,0
US1434364006,2013-06-10T00:00:00,17.94,17.9,18.11,17.84,0
US1434364006,2013-06-11T00:00:00,17.57,17.78,17.95,17.54,0
US1434364006,2013-06-12T00:00:00,17.04,17.62,17.7,17.01,0
US1434364006,2013-06-13T00:00:00,17.06,17.13,17.13,16.78,0
US1434364006,2013-06-14T00:00:00,16.74,17.08,17.19,16.74,0
US1434364006,2013-06-17T00:00:00,17.26,16.93,17.28,16.8,0
US1434364006,2013-06-18T00:00:00,17.72,17.44,17.72,17.36,0
US1434364006,2013-06-19T00:00:00,17.39,17.77,17.77,17.39,0
US1434364006,2013-06-20T00:00:00,17.47,17.12,17.53,17.1,0
US1434364006,2013-06-21T00:00:00,17.53,17.5,17.57,17.39,0
US1434364006,2013-06-24T00:00:00,17.31,17.33,17.46,17.1,0
US1434364006,2013-06-25T00:00:00,17.99,17.44,18.14,17.44,0
US1434364006,2013-06-26T00:00:00,18.01,18.17,18.17,17.93,0
US1434364006,2013-06-27T00:00:00,18.27,18.14,18.35,18.14,0
US1434364006,2013-06-28T00:00:00,19.36,18.28,19.54,18.28,0
US1434364006,2013-07-01T00:00:00,19.39,19.56,19.89,19.32,0
US1434364006,2013-07-02T00:00:00,19.14,19.34,19.49,19.06,0
US1434364006,2013-07-03T00:00:00,19.22,19.14,19.25,18.79,0
US1434364006,2013-07-05T00:00:00,19.9,19.48,19.9,19.33,0
US1434364006,2013-07-08T00:00:00,19.99,20.06,20.35,19.98,0
US1434364006,2013-07-09T00:00:00,20.23,20.3,20.3,19.99,0
US1434364006,2013-07-10T00:00:00,19.85,20.17,20.22,19.73,0
US1434364006,2013-07-11T00:00:00,20.17,20.02,20.3,19.93,0
US1434364006,2013-07-12T00:00:00,20.05,20.12,20.12,19.75,0
US1434364006,2013-07-15T00:00:00,20.56,20.05,20.81,20.05,0
US1434364006,2013-07-16T00:00:00,20.5,20.61,20.82,20.47,0
US1434364006,2013-07-17T00:00:00,20.49,20.45,20.82,20.36,0
US1434364006,2013-07-18T00:00:00,20.17,20.58,20.7,20.17,0
US1434364006,2013-07-19T00:00:00,19.78,20.06,20.06,19.7,0
US1434364006,2013-07-22T00:00:00,18.89,18.84,19.21,18.44,0
US1434364006,2013-07-23T00:00:00,18.49,18.6,18.8,18.35,0
US1434364006,2013-07-24T00:00:00,18.69,18.22,18.7,18.19,0
US1434364006,2013-07-25T00:00:00,18.69,18.64,19.0,18.56,0
US1434364006,2013-07-26T00:00:00,18.0,18.73,18.96,17.87,0
US1434364006,2013-07-29T00:00:00,18.26,18.0,18.3,18.0,0
US1434364006,2013-07-30T00:00:00,18.35,18.29,18.44,18.21,0
US1434364006,2013-07-31T00:00:00,18.32,18.5,18.5,18.0,0
US1434364006,2013-08-01T00:00:00,18.32,18.62,18.62,18.32,0
US1434364006,2013-08-02T00:00:00,18.39,18.22,18.62,18.22,0
US1434364006,2013-08-05T00:00:00,18.36,18.35,18.64,18.23,0
US1434364006,2013-08-06T00:00:00,18.1,18.39,18.46,18.05,0
US1434364006,2013-08-07T00:00:00,18.1,18.04,18.2,18.03,0
US1434364006,2013-08-08T00:00:00,18.18,18.16,18.3,18.1,0
US1434364006,2013-08-09T00:00:00,18.1,18.18,18.305,18.1,0
US1434364006,2013-08-12T00:00:00,17.98,18.04,18.09,17.95,0
US1434364006,2013-08-13T00:00:00,17.93,18.04,18.05,17.845,0
US1434364006,2013-08-14T00:00:00,17.69,17.92,17.92,17.5,0
US1434364006,2013-08-15T00:00:00,17.46,17.51,17.62,17.35,0
US1434364006,2013-08-16T00:00:00,16.96,17.35,17.43,16.92,0
US1434364006,2013-08-19T00:00:00,17.22,16.92,17.4,16.92,0
US1434364006,2013-08-20T00:00:00,17.68,17.29,17.7,17.28,0
US1434364006,2013-08-21T00:00:00,18.01,17.57,18.26,17.57,0
US1434364006,2013-08-22T00:00:00,18.34,18.02,18.35,18.02,0
US1434364006,2013-08-23T00:00:00,18.32,18.36,18.37,18.19,0
US1434364006,2013-08-26T00:00:00,18.17,18.41,18.49,18.12,0
US1434364006,2013-08-27T00:00:00,17.72,17.93,18.13,17.64,0
US1434364006,2013-08-28T00:00:00,17.83,17.76,18.08,17.71,0
US1434364006,2013-08-29T00:00:00,18.0,17.82,18.21,17.8,0
US1434364006,2013-08-30T00:00:00,17.53,17.98,18.08,17.41,0
US1434364006,2013-09-03T00:00:00,18.67,18.06,18.85,18.05,0
US1434364006,2013-09-04T00:00:00,19.33,18.72,19.36,18.665,0
US1434364006,2013-09-05T00:00:00,19.66,19.4,19.89,19.4,0
US1434364006,2013-09-06T00:00:00,19.41,19.68,19.77,19.1,0
US1434364006,2013-09-09T00:00:00,19.24,19.55,19.55,19.22,0
US1434364006,2013-09-10T00:00:00,19.42,19.48,19.49,19.35,0
US1434364006,2013-09-11T00:00:00,19.41,19.36,19.45,19.25,0
US1434364006,2013-09-12T00:00:00,19.69,19.38,19.86,19.3,0
US1434364006,2013-09-13T00:00:00,20.18,19.79,20.18,19.62,0
US1434364006,2013-09-16T00:00:00,20.47,20.4,20.68,20.27,0
US1434364006,2013-09-17T00:00:00,21.34,20.62,21.45,20.62,0
US1434364006,2013-09-18T00:00:00,21.45,21.41,21.51,21.12,0
US1434364006,2013-09-19T00:00:00,21.54,21.55,21.67,21.43,0
US1434364006,2013-09-20T00:00:00,21.73,21.59,21.89,21.37,0
US1434364006,2013-09-23T00:00:00,21.73,21.73,21.86,21.67,0
US1434364006,2013-09-24T00:00:00,21.95,21.7,22.07,21.68,0
US1434364006,2013-09-25T00:00:00,22.04,21.91,22.16,21.8,0
US1434364006,2013-09-26T00:00:00,22.31,22.11,22.49,21.96,0
US1434364006,2013-09-27T00:00:00,22.16,22.16,22.58,22.15,0
US1434364006,2013-09-30T00:00:00,22.08,21.88,22.13,21.85,0
US1434364006,2013-10-01T00:00:00,22.2,22.14,22.59,21.98,0
US1434364006,2013-10-02T00:00:00,22.3,22.1,22.31,21.9,0
US1434364006,2013-10-03T00:00:00,22.0,22.3,22.3,21.71,0
US1434364006,2013-10-04T00:00:00,22.14,21.97,22.25,21.78,0
US1434364006,2013-10-07T00:00:00,21.72,21.98,22.17,21.71,0
US1434364006,2013-10-08T00:00:00,21.09,21.79,21.9,20.83,0
US1434364006,2013-10-09T00:00:00,21.05,21.21,21.21,20.85,0
US1434364006,2013-10-10T00:00:00,21.95,21.37,22.15,21.33,0
US1434364006,2013-10-11T00:00:00,22.41,21.92,22.43,21.81,0
US1434364006,2013-10-14T00:00:00,22.3,22.37,22.59,21.98,0
US1434364006,2013-10-15T00:00:00,22.13,22.2,22.26,21.95,0
US1434364006,2013-10-16T00:00:00,22.15,22.23,22.4,22.06,0
US1434364006,2013-10-17T00:00:00,22.17,22.01,22.43,22.01,0
US1434364006,2013-10-18T00:00:00,22.8,22.41,22.87,22.29,0
US1434364006,2013-10-21T00:00:00,22.61,22.88,22.94,22.56,0
US1434364006,2013-10-22T00:00:00,22.67,22.68,22.73,22.31,0
US1434364006,2013-10-23T00:00:00,23.33,22.69,23.7,22.69,0
US1434364006,2013-10-24T00:00:00,23.47,23.46,23.62,23.4,0
US1434364006,2013-10-25T00:00:00,23.36,23.52,23.55,23.0,0
US1434364006,2013-10-28T00:00:00,23.5,23.3,23.67,23.26,0
US1434364006,2013-10-29T00:00:00,23.79,23.64,23.9,23.61,0
US1434364006,2013-10-30T00:00:00,23.4,23.77,23.77,23.29,0
US1434364006,2013-10-31T00:00:00,22.89,23.4,23.4,22.87,0
US1434364006,2013-11-01T00:00:00,23.0,22.83,23.17,22.67,0
US1434364006,2013-11-04T00:00:00,23.06,23.06,23.3,22.84,0
US1434364006,2013-11-05T00:00:00,23.38,23.1,23.51,23.07,0
US1434364006,2013-11-06T00:00:00,24.86,23.65,24.9,23.3,0
US1434364006,2013-11-07T00:00:00,23.23,24.15,24.25,22.94,0
US1434364006,2013-11-08T00:00:00,23.27,23.2,23.83,23.0,0
US1434364006,2013-11-11T00:00:00,23.1,23.3,23.51,22.93,0
US1434364006,2013-11-12T00:00:00,23.25,22.97,23.48,22.72,0
US1434364006,2013-11-13T00:00:00,23.38,23.17,23.47,23.03,0
US1434364006,2013-11-14T00:00:00,23.13,23.35,23.46,22.96,0
US1434364006,2013-11-15T00:00:00,23.51,23.09,23.57,23.09,0
US1434364006,2013-11-18T00:00:00,23.53,23.69,24.14,23.42,0
US1434364006,2013-11-19T00:00:00,23.14,23.5,23.91,23.02,0
US1434364006,2013-11-20T00:00:00,23.2,23.3,23.61,23.08,0
US1434364006,2013-11-21T00:00:00,23.25,23.37,23.37,23.03,0
US1434364006,2013-11-22T00:00:00,24.03,23.29,24.16,23.29,0
US1434364006,2013-11-25T00:00:00,23.96,24.08,24.11,23.74,0
US1434364006,2013-11-26T00:00:00,23.83,24.0,24.13,23.73,0
US1434364006,2013-11-27T00:00:00,23.9,23.88,24.26,23.88,0
US1434364006,2013-11-29T00:00:00,23.94,24.05,24.32,23.91,0
US1434364006,2013-12-02T00:00:00,23.87,23.96,24.08,23.48,0
US1434364006,2013-12-03T00:00:00,23.77,23.77,23.9,23.34,0
US1434364006,2013-12-04T00:00:00,23.46,23.61,23.99,23.28,0
US1434364006,2013-12-05T00:00:00,23.68,23.39,23.81,23.15,0
US1434364006,2013-12-06T00:00:00,24.21,23.96,24.41,23.73,0
US1434364006,2013-12-09T00:00:00,23.9,24.3,24.35,23.75,0
US1434364006,2013-12-10T00:00:00,23.65,23.79,23.93,23.48,0
US1434364006,2013-12-11T00:00:00,23.53,23.62,23.72,23.23,0
US1434364006,2013-12-12T00:00:00,23.87,23.5,24.1,23.45,0
US1434364006,2013-12-13T00:00:00,24.02,23.82,24.13,23.73,0
US1434364006,2013-12-16T00:00:00,24.1,24.2,24.29,23.99,0
US1434364006,2013-12-17T00:00:00,24.89,24.05,25.01,24.05,0
US1434364006,2013-12-18T00:00:00,25.31,24.97,25.51,24.82,0
US1434364006,2013-12-19T00:00:00,25.39,25.32,25.49,25.1,0
US1434364006,2013-12-20T00:00:00,27.31,25.51,27.4,25.51,0
US1434364006,2013-12-23T00:00:00,28.25,27.98,28.44,27.5,0
US1434364006,2013-12-24T00:00:00,27.73,28.39,28.39,27.52,0
US1434364006,2013-12-26T00:00:00,27.82,27.79,28.01,27.775,0
US1434364006,2013-12-27T00:00:00,27.9,27.92,27.92,27.55,0
US1434364006,2013-12-30T00:00:00,27.68,28.03,28.08,27.21,0
US1434364006,2013-12-31T00:00:00,27.84,27.66,27.98,27.25,0
US1434364006,2014-01-02T00:00:00,27.77,27.64,27.87,27.52,0
US1434364006,2014-01-03T00:00:00,27.62,27.92,27.98,27.59,0
US1434364006,2014-01-06T00:00:00,27.77,27.6,27.77,26.81,0
US1434364006,2014-01-07T00:00:00,28.35,28.23,28.94,27.95,0
US1434364006,2014-01-08T00:00:00,28.49,28.4,28.62,27.95,0
US1434364006,2014-01-09T00:00:00,28.62,28.52,28.72,28.095,0
US1434364006,2014-01-10T00:00:00,28.44,28.65,28.9,28.15,0
US1434364006,2014-01-13T00:00:00,27.77,28.31,28.31,27.4,0
US1434364006,2014-01-14T00:00:00,27.35,27.92,27.92,27.13,0
US1434364006,2014-01-15T00:00:00,27.0,27.43,27.43,26.56,0
US1434364006,2014-01-16T00:00:00,26.45,26.87,26.97,26.26,0
US1434364006,2014-01-17T00:00:00,26.35,26.49,26.72,26.25,0
US1434364006,2014-01-21T00:00:00,26.28,26.74,26.75,26.18,0
US1434364006,2014-01-22T00:00:00,26.25,26.38,26.43,26.0,0
US1434364006,2014-01-23T00:00:00,26.29,26.18,26.365,26.06,0
US1434364006,2014-01-24T00:00:00,26.24,26.07,26.265,25.68,0
US1434364006,2014-01-27T00:00:00,26.28,26.2,26.58,25.87,0
US1434364006,2014-01-28T00:00:00,26.62,26.37,26.72,26.16,0
US1434364006,2014-01-29T00:00:00,26.05,26.44,26.45,25.88,0
US1434364006,2014-01-30T00:00:00,26.81,26.22,26.89,26.0,0
US1434364006,2014-01-31T00:00:00,27.11,26.5,27.32,26.5,0
US1434364006,2014-02-03T00:00:00,26.45,27.1,28.03,26.34,0
US1434364006,2014-02-04T00:00:00,26.9,26.67,27.08,26.43,0
US1434364006,2014-02-05T00:00:00,27.0,26.8,27.28,26.46,0
US1434364006,2014-02-06T00:00:00,27.54,27.16,27.76,27.03,0
US1434364006,2014-02-07T00:00:00,28.16,27.73,28.63,27.48,0
US1434364006,2014-02-10T00:00:00,27.84,28.27,28.27,27.53,0
US1434364006,2014-02-11T00:00:00,27.95,27.9,28.11,27.47,0
US1434364006,2014-02-12T00:00:00,27.81,27.9,28.14,27.62,0
US1434364006,2014-02-13T00:00:00,28.62,27.71,28.67,27.71,0
US1434364006,2014-02-14T00:00:00,28.11,28.6,28.6,27.99,0
US1434364006,2014-02-18T00:00:00,28.43,28.01,29.06,27.93,0
US1434364006,2014-02-19T00:00:00,28.71,29.07,29.26,28.26,0
US1434364006,2014-02-20T00:00:00,29.45,28.78,29.5,28.78,0
US1434364006,2014-02-21T00:00:00,29.11,29.51,29.51,28.85,0
US1434364006,2014-02-24T00:00:00,29.58,29.05,29.9,29.05,0
US1434364006,2014-02-25T00:00:00,29.73,29.69,29.88,29.51,0
US1434364006,2014-02-26T00:00:00,30.04,30.89,30.9,29.89,0
US1434364006,2014-02-27T00:00:00,30.0,29.89,30.12,29.63,0
US1434364006,2014-02-28T00:00:00,29.75,30.04,30.07,29.75,0
US1434364006,2014-03-03T00:00:00,29.17,29.56,29.56,28.74,0
US1434364006,2014-03-04T00:00:00,29.5,29.49,29.82,29.1,0
US1434364006,2014-03-05T00:00:00,31.81,29.8,32.58,29.63,0
US1434364006,2014-03-06T00:00:00,31.97,31.6,32.08,31.6,0
US1434364006,2014-03-07T00:00:00,32.15,32.23,32.41,31.88,0
US1434364006,2014-03-10T00:00:00,31.57,32.03,32.04,31.49,0
US1434364006,2014-03-11T00:00:00,31.55,31.67,31.7,30.75,0
US1434364006,2014-03-12T00:00:00,32.12,31.27,32.34,31.27,0
US1434364006,2014-03-13T00:00:00,32.38,32.25,32.47,31.77,0
US1434364006,2014-03-14T00:00:00,31.61,32.15,32.15,31.46,0
US1434364006,2014-03-17T00:00:00,30.82,31.81,31.82,30.67,0
US1434364006,2014-03-18T00:00:00,31.62,30.72,31.62,30.72,0
US1434364006,2014-03-19T00:00:00,31.9,31.86,32.06,31.49,0
US1434364006,2014-03-20T00:00:00,31.69,31.78,31.84,31.46,0
US1434364006,2014-03-21T00:00:00,30.79,31.77,31.95,30.79,0
US1434364006,2014-03-24T00:00:00,29.86,30.79,30.79,29.5,0
US1434364006,2014-03-25T00:00:00,29.8,30.02,30.04,29.46,0
US1434364006,2014-03-26T00:00:00,29.51,29.9,29.97,29.44,0
US1434364006,2014-03-27T00:00:00,29.2,29.46,29.51,28.74,0
US1434364006,2014-03-28T00:00:00,29.25,29.22,29.49,29.05,0
US1434364006,2014-03-31T00:00:00,29.86,29.38,30.22,29.38,0
US1434364006,2014-04-01T00:00:00,30.3,29.97,30.49,29.85,0
US1434364006,2014-04-02T00:00:00,29.99,30.34,30.48,29.93,0
US1434364006,2014-04-03T00:00:00,29.37,30.0,30.0,29.07,0
US1434364006,2014-04-04T00:00:00,29.29,29.59,29.69,29.18,0
US1434364006,2014-04-07T00:00:00,29.37,29.32,29.64,28.85,0
US1434364006,2014-04-08T00:00:00,29.0,29.41,29.46,28.85,0
US1434364006,2014-04-09T00:00:00,29.12,29.05,29.33,28.81,0
US1434364006,2014-04-10T00:00:00,28.52,29.05,29.27,28.34,0
US1434364006,2014-04-11T00:00:00,28.24,28.27,28.72,27.95,0
US1434364006,2014-04-14T00:00:00,28.8,28.42,28.85,28.28,0
US1434364006,2014-04-15T00:00:00,28.82,28.9,29.32,28.33,0
US1434364006,2014-04-16T00:00:00,30.09,29.07,30.18,29.02,0
US1434364006,2014-04-17T00:00:00,30.94,30.1,30.98,30.1,0
US1434364006,2014-04-21T00:00:00,31.13,31.04,31.17,30.85,0
US1434364006,2014-04-22T00:00:00,30.96,31.31,31.7,30.8,0
US1434364006,2014-04-23T00:00:00,30.63,30.92,31.12,30.62,0
US1434364006,2014-04-24T00:00:00,30.24,30.8,30.8,29.9,0
US1434364006,2014-04-25T00:00:00,29.52,30.09,30.09,29.36,0
US1434364006,2014-04-28T00:00:00,29.64,29.68,29.71,29.25,0
US1434364006,2014-04-29T00:00:00,29.5,29.82,29.94,29.44,0
US1434364006,2014-04-30T00:00:00,29.66,29.4,29.71,28.92,0
US1434364006,2014-05-01T00:00:00,29.7,29.54,29.86,28.99,0
US1434364006,2014-05-02T00:00:00,30.46,29.67,30.52,29.67,0
US1434364006,2014-05-05T00:00:00,29.88,30.2,30.25,29.7,0
US1434364006,2014-05-06T00:00:00,32.89,29.68,34.63,29.68,0
US1434364006,2014-05-07T00:00:00,33.26,32.89,33.5,32.16,0
US1434364006,2014-05-08T00:00:00,32.83,33.03,33.39,32.63,0
US1434364006,2014-05-09T00:00:00,33.44,32.69,33.45,32.53,0
US1434364006,2014-05-12T00:00:00,33.85,33.6,34.14,33.49,0
US1434364006,2014-05-13T00:00:00,33.12,32.75,33.44,32.75,0
US1434364006,2014-05-14T00:00:00,32.33,33.19,33.19,32.09,0
US1434364006,2014-05-15T00:00:00,32.19,32.27,32.27,31.795,0
US1434364006,2014-05-16T00:00:00,32.21,32.12,32.45,31.42,0
US1434364006,2014-05-19T00:00:00,32.97,32.16,33.1,32.16,0
US1434364006,2014-05-20T00:00:00,32.08,32.98,32.98,31.96,0
US1434364006,2014-05-21T00:00:00,32.02,32.1,32.46,31.85,0
US1434364006,2014-05-22T00:00:00,32.58,32.4,32.67,31.97,0
US1434364006,2014-05-23T00:00:00,32.98,32.66,32.99,32.5,0
US1434364006,2014-05-27T00:00:00,33.66,33.4,33.72,32.96,0
US1434364006,2014-05-28T00:00:00,33.44,33.62,33.7,33.41,0
US1434364006,2014-05-29T00:00:00,33.84,33.48,33.94,33.43,0
US1434364006,2014-05-30T00:00:00,34.4,33.84,34.6,33.84,0
US1434364006,2014-06-02T00:00:00,34.41,34.48,34.65,33.99,0
US1434364006,2014-06-03T00:00:00,34.55,34.3,34.64,33.99,0
US1434364006,2014-06-04T00:00:00,34.65,34.39,34.74,34.34,0
US1434364006,2014-06-05T00:00:00,35.65,34.78,35.79,34.45,0
US1434364006,2014-06-06T00:00:00,35.91,35.76,36.0,35.51,0
US1434364006,2014-06-09T00:00:00,35.9,35.95,36.1,35.71,0
US1434364006,2014-06-10T00:00:00,36.06,35.98,36.2,35.7,0
US1434364006,2014-06-11T00:00:00,35.74,35.93,35.98,35.18,0
US1434364006,2014-06-12T00:00:00,35.8,35.76,36.0,35.36,0
US1434364006,2014-06-13T00:00:00,35.82,35.92,35.92,35.4,0
US1434364006,2014-06-16T00:00:00,35.03,35.81,35.81,34.94,0
US1434364006,2014-06-17T00:00:00,35.15,34.88,35.31,34.88,0
US1434364006,2014-06-18T00:00:00,35.57,35.26,35.61,35.011,0
US1434364006,2014-06-19T00:00:00,35.28,35.62,35.62,35.12,0
US1434364006,2014-06-20T00:00:00,34.72,35.5,35.5,34.69,0
US1434364006,2014-06-23T00:00:00,34.48,34.87,34.87,34.21,0
US1434364006,2014-06-24T00:00:00,35.0,34.38,35.07,34.37,0
US1434364006,2014-06-25T00:00:00,35.57,34.84,35.58,34.81,0
US1434364006,2014-06-26T00:00:00,35.24,35.63,35.67,35.19,0
US1434364006,2014-06-27T00:00:00,35.22,35.22,35.36,35.13,0
US1434364006,2014-06-30T00:00:00,35.13,35.07,35.26,34.44,0
US1434364006,2014-07-01T00:00:00,34.93,35.25,35.48,34.88,0
US1434364006,2014-07-02T00:00:00,34.47,34.73,35.02,34.39,0
US1434364006,2014-07-03T00:00:00,35.03,34.52,35.07,34.52,0
US1434364006,2014-07-07T00:00:00,34.79,35.25,35.25,34.67,0
US1434364006,2014-07-08T00:00:00,33.94,34.73,34.73,33.56,0
US1434364006,2014-07-09T00:00:00,34.21,34.08,34.34,33.82,0
US1434364006,2014-07-10T00:00:00,34.09,33.64,34.36,33.17,0
US1434364006,2014-07-11T00:00:00,33.33,34.02,34.21,33.24,0
US1434364006,2014-07-14T00:00:00,33.01,33.51,33.78,33.01,0
US1434364006,2014-07-15T00:00:00,32.74,33.1,33.18,31.93,0
US1434364006,2014-07-16T00:00:00,32.08,32.93,33.02,32.06,0
US1434364006,2014-07-17T00:00:00,31.51,31.85,32.47,31.47,0
US1434364006,2014-07-18T00:00:00,32.52,31.43,32.56,31.34,0
US1434364006,2014-07-21T00:00:00,30.98,32.38,32.38,30.88,0
US1434364006,2014-07-22T00:00:00,31.12,31.03,31.47,31.0,0
US1434364006,2014-07-23T00:00:00,30.73,31.04,31.1,30.62,0
US1434364006,2014-07-24T00:00:00,31.38,31.58,33.43,31.04,0
US1434364006,2014-07-25T00:00:00,31.88,31.11,31.89,31.11,0
US1434364006,2014-07-28T00:00:00,31.63,31.93,31.93,31.57,0
US1434364006,2014-07-29T00:00:00,32.23,31.69,32.435,31.65,0
US1434364006,2014-07-30T00:00:00,31.91,32.29,32.29,31.66,0
US1434364006,2014-07-31T00:00:00,31.44,31.57,31.7,31.15,0
US1434364006,2014-08-01T00:00:00,31.65,31.49,31.75,31.03,0
US1434364006,2014-08-04T00:00:00,32.39,31.72,32.55,31.72,0
US1434364006,2014-08-05T00:00:00,33.7,31.58,34.26,31.25,0
US1434364006,2014-08-06T00:00:00,33.55,33.43,34.15,33.4,0
US1434364006,2014-08-07T00:00:00,33.41,33.64,33.94,33.2,0
US1434364006,2014-08-08T00:00:00,33.74,33.39,33.75,33.18,0
US1434364006,2014-08-11T00:00:00,33.95,33.86,34.41,33.69,0
US1434364006,2014-08-12T00:00:00,33.81,33.84,34.26,33.54,0
US1434364006,2014-08-13T00:00:00,34.15,33.87,34.28,33.87,0
US1434364006,2014-08-14T00:00:00,34.15,34.14,34.22,33.95,0
US1434364006,2014-08-15T00:00:00,34.2,34.44,34.44,33.66,0
US1434364006,2014-08-18T00:00:00,34.94,34.48,35.24,34.48,0
US1434364006,2014-08-19T00:00:00,35.07,34.95,35.12,34.9,0
US1434364006,2014-08-20T00:00:00,34.45,34.94,34.99,33.87,0
US1434364006,2014-08-21T00:00:00,33.95,34.4,34.4,33.91,0
US1434364006,2014-08-22T00:00:00,33.42,33.95,33.95,33.39,0
US1434364006,2014-08-25T00:00:00,33.31,33.51,33.72,33.22,0
US1434364006,2014-08-26T00:00:00,33.28,33.25,33.36,32.61,0
US1434364006,2014-08-27T00:00:00,33.51,33.33,33.55,33.1,0
US1434364006,2014-08-28T00:00:00,33.71,33.34,33.76,33.29,0
US1434364006,2014-08-29T00:00:00,33.87,33.68,33.87,33.25,0
US1434364006,2014-09-02T00:00:00,34.17,34.09,34.19,33.57,0
US1434364006,2014-09-03T00:00:00,33.77,34.21,34.42,33.72,0
US1434364006,2014-09-04T00:00:00,34.32,33.93,34.36,33.79,0
US1434364006,2014-09-05T00:00:00,33.7,34.18,34.18,33.58,0
US1434364006,2014-09-08T00:00:00,33.11,33.42,33.76,32.95,0
US1434364006,2014-09-09T00:00:00,32.1,32.98,32.98,31.9,0
US1434364006,2014-09-10T00:00:00,32.3,32.05,32.39,31.925,0
US1434364006,2014-09-11T00:00:00,33.07,32.11,33.13,32.02,0
US1434364006,2014-09-12T00:00:00,33.57,33.14,33.68,32.85,0
US1434364006,2014-09-15T00:00:00,32.77,33.63,33.64,32.69,0
US1434364006,2014-09-16T00:00:00,32.05,32.68,32.96,32.04,0
US1434364006,2014-09-17T00:00:00,31.95,32.15,32.655,31.83,0
US1434364006,2014-09-18T00:00:00,32.34,32.08,32.35,32.0,0
US1434364006,2014-09-19T00:00:00,32.21,32.39,32.55,31.79,0
US1434364006,2014-09-22T00:00:00,32.02,32.03,32.34,31.45,0
US1434364006,2014-09-23T00:00:00,31.73,31.86,32.11,31.72,0
US1434364006,2014-09-24T00:00:00,32.45,31.71,32.48,31.25,0
US1434364006,2014-09-25T00:00:00,31.8,32.4,32.49,31.58,0
US1434364006,2014-09-26T00:00:00,31.61,31.81,31.82,31.375,0
US1434364006,2014-09-29T00:00:00,31.6,31.19,31.95,31.19,0
US1434364006,2014-09-30T00:00:00,30.98,31.56,31.56,30.96,0
US1434364006,2014-10-01T00:00:00,29.96,30.87,30.87,29.78,0
US1434364006,2014-10-02T00:00:00,30.61,30.06,30.89,29.69,0
US1434364006,2014-10-03T00:00:00,30.54,30.91,31.2,30.33,0
US1434364006,2014-10-06T00:00:00,29.68,30.6,30.6,29.56,0
US1434364006,2014-10-07T00:00:00,29.08,29.47,29.66,29.08,0
US1434364006,2014-10-08T00:00:00,29.5,29.05,29.56,28.6,0
US1434364006,2014-10-09T00:00:00,29.12,29.4,29.95,29.01,0
US1434364006,2014-10-10T00:00:00,29.85,28.96,30.55,28.96,0
US1434364006,2014-10-13T00:00:00,28.89,29.84,29.97,28.79,0
US1434364006,2014-10-14T00:00:00,28.95,29.14,29.45,28.75,0
US1434364006,2014-10-15T00:00:00,28.53,28.47,28.83,26.61,0
US1434364006,2014-10-16T00:00:00,29.6,28.14,29.85,28.14,0
US1434364006,2014-10-17T00:00:00,29.92,30.0,30.23,29.69,0
US1434364006,2014-10-20T00:00:00,30.1,29.84,30.95,29.84,0
US1434364006,2014-10-21T00:00:00,30.72,30.1,30.93,30.07,0
US1434364006,2014-10-22T00:00:00,30.38,30.69,30.81,30.22,0
US1434364006,2014-10-23T00:00:00,30.71,30.62,31.07,30.54,0
US1434364006,2014-10-24T00:00:00,31.02,30.79,31.19,30.36,0
US1434364006,2014-10-27T00:00:00,31.54,30.91,31.83,30.6,0
US1434364006,2014-10-28T00:00:00,31.27,31.43,31.78,30.67,0
US1434364006,2014-10-29T00:00:00,32.09,31.32,32.46,31.22,0
US1434364006,2014-10-30T00:00:00,31.78,31.91,31.96,31.49,0
US1434364006,2014-10-31T00:00:00,32.05,32.34,32.49,31.9,0
US1434364006,2014-11-03T00:00:00,28.44,32.13,32.28,27.56,0
US1434364006,2014-11-04T00:00:00,28.36,28.45,29.2,28.12,0
US1434364006,2014-11-05T00:00:00,27.9,27.03,29.0,27.03,0
US1434364006,2014-11-06T00:00:00,28.07,27.78,28.17,27.49,0
US1434364006,2014-11-07T00:00:00,27.9,27.98,28.27,27.65,0
US1434364006,2014-11-10T00:00:00,28.35,27.85,28.36,27.75,0
US1434364006,2014-11-11T00:00:00,28.3,28.29,28.39,28.05,0
US1434364006,2014-11-12T00:00:00,28.4,28.09,28.51,28.0,0
US1434364006,2014-11-13T00:00:00,28.48,28.33,28.63,28.15,0
US1434364006,2014-11-14T00:00:00,28.47,28.58,28.71,28.42,0
US1434364006,2014-11-17T00:00:00,28.82,28.49,28.91,28.25,0
US1434364006,2014-11-18T00:00:00,29.3,28.89,29.48,28.89,0
US1434364006,2014-11-19T00:00:00,29.11,29.33,29.33,28.57,0
US1434364006,2014-11-20T00:00:00,28.66,28.98,29.03,28.55,0
US1434364006,2014-11-21T00:00:00,28.49,28.99,28.99,28.31,0
US1434364006,2014-11-24T00:00:00,29.07,28.46,29.11,28.31,0
US1434364006,2014-11-25T00:00:00,30.02,29.03,30.16,29.03,0
US1434364006,2014-11-26T00:00:00,29.75,30.04,30.33,29.58,0
US1434364006,2014-11-28T00:00:00,29.64,29.72,30.12,29.61,0
US1434364006,2014-12-01T00:00:00,28.94,29.47,29.48,28.56,0
US1434364006,2014-12-02T00:00:00,28.54,28.99,29.16,28.35,0
US1434364006,2014-12-03T00:00:00,28.5,28.47,28.64,28.3,0
US1434364006,2014-12-04T00:00:00,28.02,28.39,28.49,27.63,0
US1434364006,2014-12-05T00:00:00,27.9,27.97,28.09,27.74,0
US1434364006,2014-12-08T00:00:00,26.96,27.69,27.81,26.81,0
US1434364006,2014-12-09T00:00:00,27.34,26.6,27.51,26.38,0
US1434364006,2014-12-10T00:00:00,26.73,27.27,27.38,26.67,0
US1434364006,2014-12-11T00:00:00,26.55,26.79,27.25,26.065,0
US1434364006,2014-12-12T00:00:00,26.46,26.25,26.72,26.25,0
US1434364006,2014-12-15T00:00:00,25.5,26.62,26.62,25.33,0
US1434364006,2014-12-16T00:00:00,24.91,25.62,26.52,24.89,0
US1434364006,2014-12-17T00:00:00,25.7,24.87,25.83,24.87,0
US1434364006,2014-12-18T00:00:00,25.5,25.98,26.49,25.44,0
US1434364006,2014-12-19T00:00:00,25.58,25.49,25.73,25.42,0
US1434364006,2014-12-22T00:00:00,25.99,25.56,26.0,25.36,0
US1434364006,2014-12-23T00:00:00,25.99,26.04,26.42,25.91,0
US1434364006,2014-12-24T00:00:00,26.09,25.98,26.42,25.89,0
US1434364006,2014-12-26T00:00:00,26.51,26.26,26.56,26.1,0
US1434364006,2014-12-29T00:00:00,26.82,26.46,26.88,26.18,0
US1434364006,2014-12-30T00:00:00,26.59,26.81,26.81,26.07,0
US1434364006,2014-12-31T00:00:00,26.27,26.71,26.76,26.11,0
US1434364006,2015-01-02T00:00:00,25.82,26.5,26.5,25.49,0
US1434364006,2015-01-05T00:00:00,24.98,25.58,25.58,24.77,0
US1434364006,2015-01-06T00:00:00,24.52,24.99,25.3,24.0,0
US1434364006,2015-01-07T00:00:00,25.19,24.63,25.2,24.49,0
US1434364006,2015-01-08T00:00:00,25.9,25.38,25.96,25.215,0
US1434364006,2015-01-09T00:00:00,26.3,25.94,26.4,25.87,0
US1434364006,2015-01-12T00:00:00,26.27,26.3,26.6,25.915,0
US1434364006,2015-01-13T00:00:00,26.85,26.47,27.24,26.47,0
US1434364006,2015-01-14T00:00:00,26.92,26.51,27.29,26.51,0
US1434364006,2015-01-15T00:00:00,26.28,26.9,26.9,25.85,0
US1434364006,2015-01-16T00:00:00,26.68,26.18,26.86,26.02,0
US1434364006,2015-01-20T00:00:00,25.71,26.65,26.65,25.68,0
US1434364006,2015-01-21T00:00:00,25.71,25.72,25.94,25.25,0
US1434364006,2015-01-22T00:00:00,26.69,25.89,26.9,25.85,0
US1434364006,2015-01-23T00:00:00,28.0,26.76,28.05,26.75,0
US1434364006,2015-01-26T00:00:00,28.31,28.07,28.31,27.65,0
US1434364006,2015-01-27T00:00:00,28.33,28.09,28.44,27.95,0
US1434364006,2015-01-28T00:00:00,28.15,28.55,28.55,28.03,0
US1434364006,2015-01-29T00:00:00,28.67,28.2,28.73,27.4,0
US1434364006,2015-01-30T00:00:00,27.67,28.45,28.85,27.63,0
US1434364006,2015-02-02T00:00:00,27.62,27.83,27.83,26.91,0
US1434364006,2015-02-03T00:00:00,28.1,27.73,28.28,27.65,0
US1434364006,2015-02-04T00:00:00,28.35,28.04,28.39,27.84,0
US1434364006,2015-02-05T00:00:00,28.14,28.37,28.37,27.85,0
US1434364006,2015-02-06T00:00:00,28.12,28.21,28.49,27.82,0
US1434364006,2015-02-09T00:00:00,27.99,28.13,28.37,27.66,0
US1434364006,2015-02-10T00:00:00,27.94,27.95,28.19,27.26,0
US1434364006,2015-02-11T00:00:00,28.15,27.9,28.185,27.76,0
US1434364006,2015-02-12T00:00:00,29.07,28.17,29.3,28.03,0
US1434364006,2015-02-13T00:00:00,29.96,29.05,30.48,29.05,0
US1434364006,2015-02-17T00:00:00,30.18,30.05,30.27,29.8,0
US1434364006,2015-02-18T00:00:00,30.83,30.21,31.015,30.21,0
US1434364006,2015-02-19T00:00:00,31.56,30.9,31.66,30.51,0
US1434364006,2015-02-20T00:00:00,31.52,31.45,31.67,30.88,0
US1434364006,2015-02-23T00:00:00,31.18,31.52,31.62,30.84,0
US1434364006,2015-02-24T00:00:00,31.07,31.27,31.47,30.82,0
US1434364006,2015-02-25T00:00:00,31.33,31.08,31.36,31.0,0
US1434364006,2015-02-26T00:00:00,31.35,31.17,31.46,30.95,0
US1434364006,2015-02-27T00:00:00,31.25,31.18,31.42,30.79,0
US1434364006,2015-03-02T00:00:00,32.01,31.33,32.14,31.33,0
US1434364006,2015-03-03T00:00:00,30.87,30.75,32.17,29.9,0
US1434364006,2015-03-04T00:00:00,30.74,30.83,30.95,30.43,0
US1434364006,2015-03-05T00:00:00,30.41,30.81,31.0,30.31,0
US1434364006,2015-03-06T00:00:00,30.28,30.42,31.0,30.13,0
US1434364006,2015-03-09T00:00:00,31.07,30.45,31.11,30.32,0
US1434364006,2015-03-10T00:00:00,30.2,30.9,30.97,30.12,0
US1434364006,2015-03-11T00:00:00,30.23,30.22,30.38,29.98,0
US1434364006,2015-03-12T00:00:00,31.03,30.48,31.17,30.29,0
US1434364006,2015-03-13T00:00:00,34.05,31.03,34.9,31.03,0
US1434364006,2015-03-16T00:00:00,33.64,34.0,34.36,33.24,0
US1434364006,2015-03-17T00:00:00,32.2,32.6,33.19,31.96,0
US1434364006,2015-03-18T00:00:00,32.32,32.25,32.63,31.58,0
US1434364006,2015-03-19T00:00:00,33.77,32.37,34.27,32.37,0
US1434364006,2015-03-20T00:00:00,34.55,33.95,34.65,33.31,0
US1434364006,2015-03-23T00:00:00,34.29,34.38,34.62,34.09,0
US1434364006,2015-03-24T00:00:00,33.77,34.35,34.35,33.62,0
US1434364006,2015-03-25T00:00:00,33.58,33.8,34.0,33.37,0
US1434364006,2015-03-26T00:00:00,34.08,33.57,34.13,33.49,0
US1434364006,2015-03-27T00:00:00,34.08,34.17,34.4,33.49,0
US1434364006,2015-03-30T00:00:00,33.81,34.18,34.44,33.75,0
US1434364006,2015-03-31T00:00:00,33.6,33.8,34.03,33.34,0
US1434364006,2015-04-01T00:00:00,33.44,33.6,33.86,33.08,0
US1434364006,2015-04-02T00:00:00,33.78,33.36,34.0,33.18,0
US1434364006,2015-04-06T00:00:00,33.37,33.68,33.68,32.8,0
US1434364006,2015-04-07T00:00:00,32.79,33.32,33.45,32.77,0
US1434364006,2015-04-08T00:00:00,32.9,32.89,33.0,32.55,0
US1434364006,2015-04-09T00:00:00,32.23,32.99,33.0,31.88,0
US1434364006,2015-04-10T00:00:00,32.47,32.39,32.65,31.94,0
US1434364006,2015-04-13T00:00:00,32.08,32.32,32.37,31.79,0
US1434364006,2015-04-14T00:00:00,31.75,32.14,32.14,31.675,0
US1434364006,2015-04-15T00:00:00,31.88,31.78,32.24,31.78,0
US1434364006,2015-04-16T00:00:00,31.68,31.92,31.94,31.48,0
US1434364006,2015-04-17T00:00:00,31.56,31.81,32.09,31.32,0
US1434364006,2015-04-20T00:00:00,31.99,31.9,32.08,31.73,0
US1434364006,2015-04-21T00:00:00,31.92,32.1,32.1,31.72,0
US1434364006,2015-04-22T00:00:00,31.3,31.94,31.94,31.3,0
US1434364006,2015-04-23T00:00:00,32.32,31.26,32.49,31.26,0
US1434364006,2015-04-24T00:00:00,33.02,32.48,33.04,32.28,0
US1434364006,2015-04-27T00:00:00,32.97,33.17,33.21,32.2,0
US1434364006,2015-04-28T00:00:00,32.38,32.91,32.91,32.23,0
US1434364006,2015-04-29T00:00:00,31.63,32.15,32.47,31.62,0
US1434364006,2015-04-30T00:00:00,30.18,31.38,31.38,29.98,0
US1434364006,2015-05-01T00:00:00,30.82,30.2,31.07,30.2,0
US1434364006,2015-05-04T00:00:00,30.07,30.76,30.96,29.46,0
US1434364006,2015-05-05T00:00:00,30.3,32.0,32.7,29.915,0
US1434364006,2015-05-06T00:00:00,30.21,30.34,30.8,29.66,0
US1434364006,2015-05-07T00:00:00,29.59,30.29,30.29,29.5,0
US1434364006,2015-05-08T00:00:00,28.6,29.96,29.96,28.52,0
US1434364006,2015-05-11T00:00:00,28.66,28.6,29.23,28.58,0
US1434364006,2015-05-12T00:00:00,28.74,28.57,29.21,28.0,0
US1434364006,2015-05-13T00:00:00,28.81,28.74,28.96,28.21,0
US1434364006,2015-05-14T00:00:00,28.99,29.04,29.14,28.59,0
US1434364006,2015-05-15T00:00:00,29.42,29.0,29.59,28.64,0
US1434364006,2015-05-18T00:00:00,29.55,29.47,30.0,29.18,0
US1434364006,2015-05-19T00:00:00,28.49,29.49,29.55,28.31,0
US1434364006,2015-05-20T00:00:00,28.45,28.53,28.53,27.8,0
US1434364006,2015-05-21T00:00:00,28.39,28.47,28.47,28.11,0
US1434364006,2015-05-22T00:00:00,28.37,28.31,28.68,28.06,0
US1434364006,2015-05-26T00:00:00,28.04,28.3,28.34,27.54,0
US1434364006,2015-05-27T00:00:00,28.3,28.13,28.42,27.95,0
US1434364006,2015-05-28T00:00:00,27.9,28.14,28.25,27.725,0
US1434364006,2015-05-29T00:00:00,27.83,27.82,27.94,27.45,0
US1434364006,2015-06-01T00:00:00,27.12,28.02,28.02,27.04,0
US1434364006,2015-06-02T00:00:00,26.73,26.95,27.2,26.69,0
US1434364006,2015-06-03T00:00:00,27.25,26.8,27.5,26.66,0
US1434364006,2015-06-04T00:00:00,27.66,27.15,27.66,27.0,0
US1434364006,2015-06-05T00:00:00,28.53,27.62,28.55,27.39,0
US1434364006,2015-06-08T00:00:00,28.48,28.65,28.83,28.46,0
US1434364006,2015-06-09T00:00:00,28.85,28.48,28.99,28.07,0
US1434364006,2015-06-10T00:00:00,28.93,28.94,29.0,28.74,0
US1434364006,2015-06-11T00:00:00,28.5,29.04,29.04,28.13,0
US1434364006,2015-06-12T00:00:00,28.15,28.44,28.47,28.13,0
US1434364006,2015-06-15T00:00:00,28.36,28.05,28.53,28.05,0
US1434364006,2015-06-16T00:00:00,27.85,28.31,28.33,27.82,0
US1434364006,2015-06-17T00:00:00,27.48,27.95,27.95,27.47,0
US1434364006,2015-06-18T00:00:00,27.67,27.57,28.08,27.57,0
US1434364006,2015-06-19T00:00:00,27.31,27.72,27.83,27.14,0
US1434364006,2015-06-22T00:00:00,28.12,27.55,28.19,27.4,0
US1434364006,2015-06-23T00:00:00,28.2,28.22,28.395,27.78,0
US1434364006,2015-06-24T00:00:00,27.47,28.19,28.35,27.45,0
US1434364006,2015-06-25T00:00:00,26.75,27.66,27.66,26.63,0
US1434364006,2015-06-26T00:00:00,26.99,26.74,27.03,26.2,0
US1434364006,2015-06-29T00:00:00,26.25,26.87,27.19,26.1,0
US1434364006,2015-06-30T00:00:00,26.54,26.43,26.72,26.22,0
US1434364006,2015-07-01T00:00:00,26.6,26.81,26.96,26.32,0
US1434364006,2015-07-02T00:00:00,26.92,26.7,27.13,26.53,0
US1434364006,2015-07-06T00:00:00,26.94,26.79,27.14,26.3,0
US1434364006,2015-07-07T00:00:00,27.33,27.0,27.58,26.66,0
US1434364006,2015-07-08T00:00:00,26.67,27.14,27.36,26.44,0
US1434364006,2015-07-09T00:00:00,26.77,27.06,27.18,26.77,0
US1434364006,2015-07-10T00:00:00,27.41,26.97,27.46,26.9,0
US1434364006,2015-07-13T00:00:00,27.74,27.68,27.835,27.59,0
US1434364006,2015-07-14T00:00:00,28.26,27.74,28.31,27.74,0
US1434364006,2015-07-15T00:00:00,27.89,28.16,28.21,27.55,0
US1434364006,2015-07-16T00:00:00,27.76,27.89,27.94,27.37,0
US1434364006,2015-07-17T00:00:00,28.26,27.81,28.3,27.75,0
US1434364006,2015-07-20T00:00:00,28.46,28.33,28.51,27.95,0
US1434364006,2015-07-21T00:00:00,27.97,28.5,28.61,27.75,0
US1434364006,2015-07-22T00:00:00,27.83,28.02,28.08,27.72,0
US1434364006,2015-07-23T00:00:00,26.69,27.74,27.78,26.51,0
US1434364006,2015-07-24T00:00:00,26.1,26.59,26.59,25.34,0
US1434364006,2015-07-27T00:00:00,26.04,25.88,26.24,25.76,0
US1434364006,2015-07-28T00:00:00,24.11,23.75,24.39,22.99,0
US1434364006,2015-07-29T00:00:00,23.97,24.16,24.5,23.64,0
US1434364006,2015-07-30T00:00:00,24.6,23.82,24.75,23.82,0
US1434364006,2015-07-31T00:00:00,25.05,24.6,25.15,24.52,0
US1434364006,2015-08-03T00:00:00,25.05,25.03,25.47,24.785,0
US1434364006,2015-08-04T00:00:00,24.49,24.96,25.51,24.19,0
US1434364006,2015-08-05T00:00:00,23.76,24.58,24.59,23.74,0
US1434364006,2015-08-06T00:00:00,22.89,23.84,23.84,22.32,0
US1434364006,2015-08-07T00:00:00,22.97,22.77,23.14,22.51,0
US1434364006,2015-08-10T00:00:00,23.62,23.09,23.63,22.62,0
US1434364006,2015-08-11T00:00:00,23.49,23.57,23.89,23.19,0
US1434364006,2015-08-12T00:00:00,24.2,23.33,24.27,23.23,0
US1434364006,2015-08-13T00:00:00,24.08,24.17,24.44,23.81,0
US1434364006,2015-08-14T00:00:00,23.95,24.02,24.32,23.9,0
US1434364006,2015-08-17T00:00:00,23.81,23.86,24.09,23.64,0
US1434364006,2015-08-18T00:00:00,23.4,23.73,23.73,23.21,0
US1434364006,2015-08-19T00:00:00,23.13,23.28,23.51,23.0,0
US1434364006,2015-08-20T00:00:00,22.01,22.89,22.89,21.97,0
US1434364006,2015-08-21T00:00:00,21.84,21.62,22.34,21.0,0
US1434364006,2015-08-24T00:00:00,21.92,20.8,22.44,20.72,0
US1434364006,2015-08-25T00:00:00,21.74,22.64,22.73,21.71,0
US1434364006,2015-08-26T00:00:00,22.53,22.07,22.59,21.82,0
US1434364006,2015-08-27T00:00:00,23.37,22.77,23.82,22.58,0
US1434364006,2015-08-28T00:00:00,23.45,23.29,24.01,23.27,0
US1434364006,2015-08-31T00:00:00,23.85,23.35,23.86,23.13,0
US1434364006,2015-09-01T00:00:00,23.25,23.22,23.68,23.0,0
US1434364006,2015-09-02T00:00:00,23.2,23.61,23.61,22.7,0
US1434364006,2015-09-03T00:00:00,22.73,23.3,23.38,22.7,0
US1434364006,2015-09-04T00:00:00,22.61,22.49,22.7,22.06,0
US1434364006,2015-09-08T00:00:00,22.82,22.9,23.18,22.73,0
US1434364006,2015-09-09T00:00:00,22.57,23.03,23.05,22.54,0
US1434364006,2015-09-10T00:00:00,22.66,22.54,22.8,22.34,0
US1434364006,2015-09-11T00:00:00,22.47,22.5,22.56,22.18,0
US1434364006,2015-09-14T00:00:00,22.33,22.38,22.55,22.18,0
US1434364006,2015-09-15T00:00:00,22.93,22.41,22.94,22.23,0
US1434364006,2015-09-16T00:00:00,22.67,22.93,23.04,22.39,0
US1434364006,2015-09-17T00:00:00,23.0,22.69,23.305,22.69,0
US1434364006,2015-09-18T00:00:00,22.99,22.58,23.05,22.54,0
US1434364006,2015-09-21T00:00:00,22.19,23.07,23.07,22.11,0
US1434364006,2015-09-22T00:00:00,21.64,21.95,22.05,21.52,0
US1434364006,2015-09-23T00:00:00,20.65,21.72,21.72,20.42,0
US1434364006,2015-09-24T00:00:00,20.83,20.53,20.95,20.26,0
US1434364006,2015-09-25T00:00:00,20.5,20.97,20.97,20.32,0
US1434364006,2015-09-28T00:00:00,19.67,20.38,20.55,19.64,0
US1434364006,2015-09-29T00:00:00,19.54,19.74,19.92,19.18,0
US1434364006,2015-09-30T00:00:00,20.09,19.83,20.38,19.78,0
US1434364006,2015-10-01T00:00:00,20.25,20.14,20.44,19.7,0
US1434364006,2015-10-02T00:00:00,20.8,20.06,20.81,19.87,0
US1434364006,2015-10-05T00:00:00,21.75,20.96,21.77,20.96,0
US1434364006,2015-10-06T00:00:00,22.04,21.96,22.65,21.79,0
US1434364006,2015-10-07T00:00:00,24.14,22.32,24.2,22.32,0
US1434364006,2015-10-08T00:00:00,24.19,23.95,24.62,23.36,0
US1434364006,2015-10-09T00:00:00,24.23,24.2,24.43,23.61,0
US1434364006,2015-10-12T00:00:00,24.06,24.28,24.43,23.77,0
US1434364006,2015-10-13T00:00:00,24.31,23.96,24.95,23.96,0
US1434364006,2015-10-14T00:00:00,24.15,24.41,24.74,24.11,0
US1434364006,2015-10-15T00:00:00,24.08,24.11,24.37,23.475,0
US1434364006,2015-10-16T00:00:00,24.01,24.03,24.3,23.67,0
US1434364006,2015-10-19T00:00:00,24.98,24.5,25.08,23.96,0
US1434364006,2015-10-20T00:00:00,24.52,24.98,25.27,24.37,0
US1434364006,2015-10-21T00:00:00,23.74,24.57,24.57,23.72,0
US1434364006,2015-10-22T00:00:00,24.51,23.97,24.85,23.79,0
US1434364006,2015-10-23T00:00:00,24.5,24.69,25.05,24.11,0
US1434364006,2015-10-26T00:00:00,24.88,24.53,25.18,24.33,0
US1434364006,2015-10-27T00:00:00,24.27,24.62,24.95,24.215,0
US1434364006,2015-10-28T00:00:00,24.99,24.31,25.3,24.31,0
US1434364006,2015-10-29T00:00:00,24.95,24.95,25.3,24.91,0
US1434364006,2015-10-30T00:00:00,25.61,24.95,25.91,24.7,0
US1434364006,2015-11-02T00:00:00,25.78,25.59,26.25,25.59,0
US1434364006,2015-11-03T00:00:00,25.9,25.85,26.35,25.85,0
US1434364006,2015-11-04T00:00:00,25.52,25.97,26.18,24.61,0
US1434364006,2015-11-05T00:00:00,25.31,25.57,25.63,24.975,0
US1434364006,2015-11-06T00:00:00,25.9,25.35,26.11,25.12,0
US1434364006,2015-11-09T00:00:00,25.46,25.96,25.99,25.14,0
US1434364006,2015-11-10T00:00:00,23.74,25.91,26.46,23.43,0
US1434364006,2015-11-11T00:00:00,23.82,23.63,24.07,23.3,0
US1434364006,2015-11-12T00:00:00,23.07,23.59,23.83,23.015,0
US1434364006,2015-11-13T00:00:00,22.46,22.9,23.0,22.4,0
US1434364006,2015-11-16T00:00:00,21.91,22.39,22.55,21.73,0
US1434364006,2015-11-17T00:00:00,21.36,21.91,21.91,21.08,0
US1434364006,2015-11-18T00:00:00,22.63,21.51,22.76,21.28,0
US1434364006,2015-11-19T00:00:00,21.96,22.68,22.68,21.88,0
US1434364006,2015-11-20T00:00:00,22.05,22.2,22.215,21.75,0
US1434364006,2015-11-23T00:00:00,21.57,22.0,22.01,21.55,0
US1434364006,2015-11-24T00:00:00,21.73,21.42,21.97,21.34,0
US1434364006,2015-11-25T00:00:00,22.0,21.67,22.04,21.62,0
US1434364006,2015-11-27T00:00:00,21.87,22.05,22.05,21.4,0
US1434364006,2015-11-30T00:00:00,21.85,21.88,22.0,21.72,0
US1434364006,2015-12-01T00:00:00,21.95,21.87,22.25,21.83,0
US1434364006,2015-12-02T00:00:00,21.49,21.97,21.99,21.48,0
US1434364006,2015-12-03T00:00:00,21.48,21.52,22.02,21.35,0
US1434364006,2015-12-04T00:00:00,21.56,21.55,21.88,21.5,0
US1434364006,2015-12-07T00:00:00,21.34,21.49,21.49,21.05,0
US1434364006,2015-12-08T00:00:00,21.25,21.12,21.51,20.91,0
US1434364006,2015-12-09T00:00:00,21.25,21.3,21.585,21.03,0
US1434364006,2015-12-10T00:00:00,21.46,21.3,21.52,21.17,0
US1434364006,2015-12-11T00:00:00,21.52,22.0,22.56,21.395,0
US1434364006,2015-12-14T00:00:00,21.72,21.44,22.19,21.44,0
US1434364006,2015-12-15T00:00:00,22.24,21.84,22.47,21.84,0
US1434364006,2015-12-16T00:00:00,23.07,22.5,23.3,22.3,0
US1434364006,2015-12-17T00:00:00,22.4,23.12,23.19,22.34,0
US1434364006,2015-12-18T00:00:00,22.47,22.38,22.8,22.35,0
US1434364006,2015-12-21T00:00:00,22.64,22.71,23.01,22.26,0
US1434364006,2015-12-22T00:00:00,23.22,22.88,23.29,22.66,0
US1434364006,2015-12-23T00:00:00,22.89,23.31,23.31,22.85,0
US1434364006,2015-12-24T00:00:00,22.86,22.84,22.925,22.71,0
US1434364006,2015-12-28T00:00:00,22.78,22.79,22.97,22.7,0
US1434364006,2015-12-29T00:00:00,23.34,22.84,23.41,22.73,0
US1434364006,2015-12-30T00:00:00,23.29,23.1,23.56,23.1,0
US1434364006,2015-12-31T00:00:00,22.94,23.19,23.43,22.89,0
US1434364006,2016-01-04T00:00:00,22.76,22.52,22.83,22.0,0
US1434364006,2016-01-05T00:00:00,23.09,22.87,23.37,22.73,0
US1434364006,2016-01-06T00:00:00,23.08,22.81,23.28,22.72,0
US1434364006,2016-01-07T00:00:00,22.4,22.64,22.71,22.04,0
US1434364006,2016-01-08T00:00:00,21.85,22.41,22.69,21.74,0
US1434364006,2016-01-11T00:00:00,22.6,21.79,22.6,21.79,0
US1434364006,2016-01-12T00:00:00,23.02,22.78,23.65,22.71,0
US1434364006,2016-01-13T00:00:00,21.94,23.02,23.25,21.82,0
US1434364006,2016-01-14T00:00:00,22.55,22.17,22.61,21.7,0
US1434364006,2016-01-15T00:00:00,21.56,21.91,22.17,20.95,0
US1434364006,2016-01-19T00:00:00,21.06,21.58,21.68,20.73,0
US1434364006,2016-01-20T00:00:00,21.37,20.68,21.59,20.1,0
US1434364006,2016-01-21T00:00:00,21.78,21.36,22.2,21.315,0
US1434364006,2016-01-22T00:00:00,22.26,22.11,22.8,21.87,0
US1434364006,2016-01-25T00:00:00,21.67,22.25,22.25,21.58,0
US1434364006,2016-01-26T00:00:00,21.73,21.7,21.96,21.54,0
US1434364006,2016-01-27T00:00:00,21.24,21.71,21.87,21.24,0
US1434364006,2016-01-28T00:00:00,21.27,21.5,21.71,21.07,0
US1434364006,2016-01-29T00:00:00,22.18,21.34,22.2,21.34,0
US1434364006,2016-02-01T00:00:00,21.85,21.99,22.06,21.4,0
US1434364006,2016-02-02T00:00:00,21.64,21.61,22.2,21.47,0
US1434364006,2016-02-03T00:00:00,22.01,21.79,22.05,21.46,0
US1434364006,2016-02-04T00:00:00,22.36,22.02,22.56,22.02,0
US1434364006,2016-02-05T00:00:00,20.76,22.22,22.22,20.66,0
US1434364006,2016-02-08T00:00:00,19.93,20.56,20.56,19.46,0
US1434364006,2016-02-09T00:00:00,19.89,19.7,20.51,19.7,0
US1434364006,2016-02-10T00:00:00,19.97,19.94,20.58,19.86,0
US1434364006,2016-02-11T00:00:00,20.37,19.67,20.51,18.97,0
US1434364006,2016-02-12T00:00:00,20.24,20.48,20.48,19.8,0
US1434364006,2016-02-16T00:00:00,20.78,20.45,21.35,20.39,0
US1434364006,2016-02-17T00:00:00,20.36,20.99,21.42,20.08,0
US1434364006,2016-02-18T00:00:00,20.39,20.33,20.66,19.77,0
US1434364006,2016-02-19T00:00:00,19.85,20.31,20.46,19.75,0
US1434364006,2016-02-22T00:00:00,19.85,20.01,20.42,19.8,0
US1434364006,2016-02-23T00:00:00,20.4,19.8,20.55,19.7,0
US1434364006,2016-02-24T00:00:00,21.18,20.25,21.29,20.25,0
US1434364006,2016-02-25T00:00:00,20.98,21.2,21.25,20.55,0
US1434364006,2016-02-26T00:00:00,21.68,21.06,21.68,21.06,0
US1434364006,2016-02-29T00:00:00,21.94,21.68,22.0,21.55,0
US1434364006,2016-03-01T00:00:00,25.18,25.66,26.65,23.59,0
US1434364006,2016-03-02T00:00:00,24.64,25.35,25.38,24.16,0
US1434364006,2016-03-03T00:00:00,25.11,24.69,25.58,24.69,0
US1434364006,2016-03-04T00:00:00,29.25,29.08,29.36,29.01,0
US1434364006,2016-03-07T00:00:00,29.78,29.3,29.85,29.3,0
US1434364006,2016-03-08T00:00:00,29.92,29.68,30.32,29.68,0
US1434364006,2016-03-09T00:00:00,29.84,29.8,30.11,29.66,0
US1434364006,2016-03-10T00:00:00,30.18,29.92,30.26,29.83,0
US1434364006,2016-03-11T00:00:00,30.0,30.17,30.18,29.96,0
US1434364006,2016-03-14T00:00:00,29.74,29.98,30.0,29.73,0
US1434364006,2016-03-15T00:00:00,29.62,29.75,29.78,29.44,0
US1434364006,2016-03-16T00:00:00,29.7,29.56,29.75,29.45,0
US1434364006,2016-03-17T00:00:00,29.56,29.72,29.79,29.49,0
US1434364006,2016-03-18T00:00:00,29.69,29.71,29.75,29.49,0
US1434364006,2016-03-21T00:00:00,29.67,29.69,29.84,29.48,0
US1434364006,2016-03-22T00:00:00,29.78,29.6,29.84,29.58,0
US1434364006,2016-03-23T00:00:00,30.08,29.72,30.08,29.61,0
US1434364006,2016-03-24T00:00:00,30.46,30.0,30.69,30.0,0
US1434364006,2016-03-28T00:00:00,30.35,30.46,30.52,30.31,0
US1434364006,2016-03-29T00:00:00,30.36,30.39,30.51,30.24,0
US1434364006,2016-03-30T00:00:00,30.28,30.45,30.46,30.25,0
US1434364006,2016-03-31T00:00:00,30.04,30.25,30.39,29.98,0
US1434364006,2016-04-01T00:00:00,30.01,30.06,30.27,29.91,0
US1434364006,2016-04-04T00:00:00,29.97,29.94,30.0,29.85,0
US1434364006,2016-04-05T00:00:00,29.94,29.92,29.98,29.82,0
US1434364006,2016-04-06T00:00:00,29.94,29.94,30.06,29.86,0
US1434364006,2016-04-07T00:00:00,29.93,29.92,29.96,29.9,0
US1434364006,2016-04-08T00:00:00,29.95,30.0,30.0,29.93,0
US1434364006,2016-04-11T00:00:00,29.92,29.95,30.05,29.9,0
US1434364006,2016-04-12T00:00:00,30.01,29.95,30.03,29.92,0
US1434364006,2016-04-13T00:00:00,29.95,30.02,30.14,29.92,0
US1434364006,2016-04-14T00:00:00,30.01,29.95,30.01,29.95,0
US1434364006,2016-04-15T00:00:00,30.06,29.99,30.18,29.97,0
US1434364006,2016-04-18T00:00:00,30.19,30.04,30.21,29.99,0
US1434364006,2016-04-19T00:00:00,30.09,30.2,30.27,30.08,0
US1434364006,2016-04-20T00:00:00,30.11,30.1,30.17,30.09,0
US1434364006,2016-04-21T00:00:00,30.08,30.2,30.33,30.05,0
US1434364006,2016-04-22T00:00:00,30.09,30.1,30.26,30.01,0
US1434364006,2016-04-25T00:00:00,30.0,30.15,30.25,30.0,0
US1434364006,2016-04-26T00:00:00,29.99,30.05,30.12,29.93,0
US1434364006,2016-04-27T00:00:00,29.93,29.99,30.1,29.925,0
US1434364006,2016-04-28T00:00:00,29.98,29.91,29.99,29.86,0
US1434364006,2016-04-29T00:00:00,29.99,29.93,30.01,29.76,0
US1434364006,2016-05-02T00:00:00,29.91,30.08,30.08,29.86,0
US1434364006,2016-05-03T00:00:00,29.85,29.8,30.01,29.79,0
US1434364006,2016-05-04T00:00:00,29.93,29.85,29.99,29.85,0
US1434364006,2016-05-05T00:00:00,29.8,29.95,29.95,29.79,0
US1434364006,2016-05-06T00:00:00,29.92,29.78,29.96,29.78,0
US1434364006,2016-05-09T00:00:00,29.85,29.87,29.94,29.8,0
US1434364006,2016-05-10T00:00:00,29.9,29.87,29.93,29.81,0
US1434364006,2016-05-11T00:00:00,29.84,29.91,29.91,29.79,0
US1434364006,2016-05-12T00:00:00,29.87,29.87,29.88,29.67,0
US1434364006,2016-05-13T00:00:00,29.86,29.88,29.9,29.81,0
US1434364006,2016-05-16T00:00:00,29.79,29.87,29.91,29.76,0
US1434364006,2016-05-17T00:00:00,29.78,29.79,29.875,29.67,0
US1434364006,2016-05-18T00:00:00,29.84,29.76,29.85,29.72,0
US1434364006,2016-05-19T00:00:00,29.77,29.83,29.85,29.75,0
US1434364006,2016-05-20T00:00:00,29.8,29.83,29.88,29.69,0
US1434364006,2016-05-23T00:00:00,29.77,29.77,29.81,29.69,0
US1434364006,2016-05-24T00:00:00,29.78,29.8,29.87,29.76,0
US1434364006,2016-05-25T00:00:00,29.96,29.8,29.98,29.7,0
US1434364006,2016-05-26T00:00:00,29.82,29.95,29.97,29.82,0
US1434364006,2016-05-27T00:00:00,29.9,29.83,29.95,29.83,0
US1434364006,2016-05-31T00:00:00,29.88,29.93,30.01,29.84,0
US1434364006,2016-06-01T00:00:00,29.9,29.86,29.93,29.84,0
US1434364006,2016-06-02T00:00:00,29.96,29.87,29.97,29.86,0
US1434364006,2016-06-03T00:00:00,29.93,29.95,29.97,29.89,0
US1434364006,2016-06-06T00:00:00,29.95,29.92,29.96,29.9,0
US1434364006,2016-06-07T00:00:00,29.93,29.95,29.95,29.91,0
US1434364006,2016-06-08T00:00:00,29.89,29.94,29.95,29.87,0
US1434364006,2016-06-09T00:00:00,29.9,29.89,29.95,29.85,0
US1434364006,2016-06-10T00:00:00,29.9,29.86,29.925,29.8,0
US1434364006,2016-06-13T00:00:00,29.89,29.85,29.92,29.83,0
US1434364006,2016-06-14T00:00:00,29.89,29.87,29.925,29.85,0
US1434364006,2016-06-15T00:00:00,29.9,29.9,29.95,29.86,0
US1434364006,2016-06-16T00:00:00,29.9,29.87,29.94,29.86,0
US1434364006,2016-06-17T00:00:00,30.12,29.92,30.2,29.82,0
US1434364006,2016-06-20T00:00:00,30.47,30.3,30.68,30.25,0
US1434364006,2016-06-21T00:00:00,30.59,30.56,30.76,30.25,0
US1434364006,2016-06-22T00:00:00,30.96,30.57,30.97,30.53,0
US1434364006,2016-06-23T00:00:00,31.23,31.05,31.25,30.88,0
US1434364006,2016-06-24T00:00:00,30.95,30.38,31.1,30.38,0
US1434364006,2016-06-27T00:00:00,30.23,30.78,30.78,30.07,0
US1434364006,2016-06-28T00:00:00,30.46,30.4,30.69,30.09,0
US1434364006,2016-06-29T00:00:00,30.49,30.54,30.55,30.12,0
US1434364006,2016-06-30T00:00:00,30.12,30.61,30.95,30.08,0
US1434364006,2016-07-01T00:00:00,30.22,30.21,30.23,29.79,0
US1434364006,2016-07-05T00:00:00,29.84,30.1,30.1,29.73,0
US1434364006,2016-07-06T00:00:00,29.74,29.83,29.86,29.73,0
US1434364006,2016-07-07T00:00:00,29.78,29.8,29.88,29.68,0
US1434364006,2016-07-08T00:00:00,29.9,29.91,29.97,29.74,0
US1434364006,2016-07-11T00:00:00,29.74,29.88,29.88,29.73,0
US1434364006,2016-07-12T00:00:00,30.39,29.24,30.71,29.24,0
US1434364006,2016-07-13T00:00:00,30.79,30.36,31.01,30.11,0
US1434364006,2016-07-14T00:00:00,30.59,30.95,31.17,30.405,0
US1434364006,2016-07-15T00:00:00,31.48,31.09,31.51,30.75,0
US1434364006,2016-07-18T00:00:00,31.5,31.55,31.77,31.22,0
US1434364006,2016-07-19T00:00:00,31.3,31.51,31.7,31.14,0
US1434364006,2016-07-20T00:00:00,31.1,31.3,31.4,31.1,0
US1434364006,2016-07-21T00:00:00,31.13,31.03,31.41,31.0,0
US1434364006,2016-07-22T00:00:00,31.13,31.18,31.23,31.0,0
US1434364006,2016-07-25T00:00:00,30.69,31.49,31.49,30.6,0
US1434364006,2016-07-26T00:00:00,30.93,30.63,30.94,30.63,0
US1434364006,2016-07-27T00:00:00,30.14,30.85,31.0,30.14,0
US1434364006,2016-07-28T00:00:00,30.37,30.14,30.44,29.98,0
US1434364006,2016-07-29T00:00:00,30.82,30.4,30.92,30.4,0
US1434364006,2016-08-01T00:00:00,30.33,30.83,30.83,30.23,0
US1434364006,2016-08-02T00:00:00,30.22,30.2,30.66,30.14,0
US1434364006,2016-08-03T00:00:00,30.21,30.2,30.21,30.01,0
US1434364006,2016-08-04T00:00:00,31.35,30.15,31.82,30.07,0
US1434364006,2016-08-05T00:00:00,31.38,31.35,31.49,31.03,0
US1434364006,2016-08-08T00:00:00,31.24,31.43,31.43,31.2,0
US1434364006,2016-08-09T00:00:00,31.3,31.2,31.32,31.19,0
US1434364006,2016-08-10T00:00:00,31.35,31.28,31.39,31.2,0
US1434364006,2016-08-11T00:00:00,31.53,31.35,31.53,31.28,0
US1434364006,2016-08-12T00:00:00,31.6,31.55,31.6,31.42,0
US1434364006,2016-08-15T00:00:00,31.61,31.52,31.64,31.52,0
US1434364006,2016-08-16T00:00:00,31.66,31.59,31.72,31.5,0
US1434364006,2016-08-17T00:00:00,31.67,31.62,31.76,31.61,0
US1434364006,2016-08-18T00:00:00,31.91,31.69,31.93,31.6,0
US1434364006,2016-08-19T00:00:00,31.77,31.96,31.96,31.72,0
US1434364006,2016-08-22T00:00:00,31.69,31.7,31.73,31.58,0
US1434364006,2016-08-23T00:00:00,31.71,31.69,31.85,31.66,0
US1434364006,2016-08-24T00:00:00,31.76,31.65,31.82,31.65,0
US1434364006,2016-08-25T00:00:00,31.91,31.75,31.92,31.75,0
US1434364006,2016-08-26T00:00:00,31.71,32.01,32.01,31.71,0
US1434364006,2016-08-29T00:00:00,31.89,31.7,31.94,31.7,0
US1434364006,2016-08-30T00:00:00,31.96,31.85,31.96,31.8,0
US1434364006,2016-08-31T00:00:00,32.09,31.96,32.15,31.93,0
US1434364006,2016-09-01T00:00:00,32.05,32.02,32.11,31.99,0
US1434364006,2016-09-02T00:00:00,32.09,32.1,32.15,32.05,0
US1434364006,2016-09-06T00:00:00,32.13,32.05,32.14,31.99,0
US1434364006,2016-09-07T00:00:00,32.32,32.04,32.33,32.04,0
US1434364006,2016-09-08T00:00:00,32.25,32.33,32.36,32.19,0
US1434364006,2016-09-09T00:00:00,32.07,32.2,32.2,32.04,0
US1434364006,2016-09-12T00:00:00,32.31,31.95,32.36,31.95,0
US1434364006,2016-09-13T00:00:00,32.25,32.16,32.34,32.06,0
US1434364006,2016-09-14T00:00:00,32.41,32.27,32.42,32.16,0
US1434364006,2016-09-15T00:00:00,32.65,32.39,32.65,32.38,0
US1434364006,2016-09-16T00:00:00,32.66,32.73,32.73,32.36,0
US1434364006,2016-09-19T00:00:00,32.65,32.7,32.72,32.56,0
US1434364006,2016-09-20T00:00:00,32.68,32.74,32.74,32.61,0
US1434364006,2016-09-21T00:00:00,32.66,32.7,32.71,32.58,0
US1434364006,2016-09-22T00:00:00,32.7,32.7,32.76,32.66,0
US1434364006,2016-09-23T00:00:00,32.58,32.65,32.71,32.58,0
US1434364006,2016-09-26T00:00:00,32.32,32.59,32.61,32.31,0
US1434364006,2016-09-27T00:00:00,32.72,32.24,32.88,32.24,0
US1434364006,2016-09-28T00:00:00,32.7,32.66,32.75,32.62,0
US1434364006,2016-09-29T00:00:00,32.56,32.64,32.78,32.45,0
US1434364006,2016-09-30T00:00:00,32.69,32.53,32.83,32.48,0
US1434364006,2016-10-03T00:00:00,33.06,32.63,33.07,32.63,0
US1434364006,2016-10-04T00:00:00,32.92,33.03,33.16,32.72,0
US1434364006,2016-10-05T00:00:00,33.01,33.04,33.12,32.98,0
US1434364006,2016-10-06T00:00:00,33.26,32.98,33.31,32.96,0
US1434364006,2016-10-07T00:00:00,33.0,33.26,33.26,33.0,0
US1434364006,2016-10-10T00:00:00,33.1,33.0,33.25,33.0,0
US1434364006,2016-10-11T00:00:00,32.8,33.1,33.1,32.8,0
US1434364006,2016-10-12T00:00:00,32.85,32.9,33.1,32.85,0
US1434364006,2016-10-13T00:00:00,32.75,32.75,32.9,32.75,0
US1434364006,2016-10-14T00:00:00,32.9,32.8,32.95,32.8,0
US1434364006,2016-10-17T00:00:00,32.8,32.85,32.95,32.8,0
US1434364006,2016-10-18T00:00:00,32.8,32.95,32.95,32.75,0
US1434364006,2016-10-19T00:00:00,32.8,32.9,32.9,32.75,0
US1434364006,2016-10-20T00:00:00,32.8,32.8,32.85,32.75,0
US1434364006,2016-10-21T00:00:00,32.8,32.75,32.925,32.75,0
US1434364006,2016-10-24T00:00:00,32.85,32.9,33.0,32.8,0
US1434364006,2016-10-25T00:00:00,32.7,32.9,32.9,32.7,0
US1434364006,2016-10-26T00:00:00,32.8,32.7,32.925,32.55,0
US1434364006,2016-10-27T00:00:00,32.65,32.85,32.85,32.5,0
US1434364006,2016-10-28T00:00:00,32.6,32.65,32.75,32.55,0
US1434364006,2016-10-31T00:00:00,32.65,32.7,32.75,32.6,0
US1434364006,2016-11-01T00:00:00,32.4,32.75,32.75,32.35,0
US1434364006,2016-11-02T00:00:00,32.3,32.4,32.5,32.275,0
US1434364006,2016-11-03T00:00:00,32.3,32.35,32.45,32.25,0
US1434364006,2016-11-04T00:00:00,32.55,32.35,32.65,32.35,0
US1434364006,2016-11-07T00:00:00,32.95,32.7,32.975,32.6,0
US1434364006,2016-11-08T00:00:00,33.1,33.0,33.35,32.75,0
US1434364006,2016-11-09T00:00:00,33.5,32.9,33.85,32.9,0
US1434364006,2016-11-10T00:00:00,33.6,33.65,33.9,33.5,0
US1434364006,2016-11-11T00:00:00,34.0,33.7,34.1,33.7,0
US1434364006,2016-11-14T00:00:00,34.05,34.0,34.2,33.85,0
US1434364006,2016-11-15T00:00:00,34.1,33.95,34.1,33.85,0
US1434364006,2016-11-16T00:00:00,34.0,34.05,34.1,33.9,0
US1434364006,2016-11-17T00:00:00,34.4,33.95,34.5,33.95,0
US1434364006,2016-11-18T00:00:00,34.25,34.3,34.35,34.1,0
US1434364006,2016-11-21T00:00:00,34.15,34.3,34.35,34.05,0
US1434364006,2016-11-22T00:00:00,34.15,34.15,34.2,34.1,0
US1434364006,2016-11-23T00:00:00,34.2,34.1,34.2,34.025,0
US1434364006,2016-11-25T00:00:00,34.15,34.15,34.25,34.1,0
US1434364006,2016-11-28T00:00:00,33.85,34.1,34.1,33.8,0
US1434364006,2016-11-29T00:00:00,33.9,33.95,34.05,33.8,0
US1434364006,2016-11-30T00:00:00,33.8,34.15,34.15,33.8,0
US1434364006,2016-12-01T00:00:00,33.6,33.85,33.85,33.45,0
US1434364006,2016-12-02T00:00:00,33.2,33.5,33.6,33.1,0
US1434364006,2016-12-05T00:00:00,33.5,33.35,33.55,33.3,0
US1434364006,2016-12-06T00:00:00,33.85,33.6,33.9,33.55,0
US1434364006,2016-12-07T00:00:00,33.45,33.85,33.85,33.4,0
US1434364006,2016-12-08T00:00:00,33.55,33.5,33.65,33.35,0
US1434364006,2016-12-09T00:00:00,33.65,33.7,33.7,33.325,0
US1434364006,2016-12-12T00:00:00,33.6,33.6,33.65,33.4,0
US1434364006,2016-12-13T00:00:00,33.4,33.6,33.65,33.35,0
US1434364006,2016-12-14T00:00:00,33.25,33.35,33.45,33.15,0
US1434364006,2016-12-15T00:00:00,33.1,33.25,33.25,33.1,0
US1434364006,2016-12-16T00:00:00,33.1,33.2,33.2,33.05,0
US1434364006,2016-12-19T00:00:00,33.25,33.2,33.3,33.15,0
US1434364006,2016-12-20T00:00:00,33.4,33.2,34.0,31.9,0
